100
27 84
19 2 21
15 14 24
26 18 24
18 17 24
1 20 24
16 9 24
18 15 24
7 6 10
5 2 24
2 26 2
6 1 24
25 13 25
21 14 24
7 14 24
1 8 3
4 10 24
23 7 24
18 4 16
27 6 24
13 25 25
18 24 24
21 20 24
18 21 24
23 15 24
14 8 24
26 17 9
19 20 24
1 11 25
7 6 27
22 19 24
8 19 21
23 1 6
6 5 24
3 10 24
7 18 24
8 2 21
17 20 24
1 25 25
17 9 9
5 8 24
13 16 24
6 14 24
13 19 21
9 4 24
23 14 24
26 4 24
2 16 24
10 9 23
10 5 24
23 8 21
5 14 14
12 20 24
10 23 24
16 24 24
26 25 9
26 3 9
27 4 16
12 17 24
12 16 24
8 10 24
3 1 9
24 7 24
5 24 24
22 3 24
4 14 14
5 7 24
19 15 24
2 5 24
2 5 24
10 19 24
24 2 24
3 22 24
13 27 24
22 12 24
14 4 14
21 5 24
4 7 24
8 1 21
10 6 10
8 26 21
19 10 6
22 18 24
10 24 24
9 17 9
37 30
1 5 20
29 25 9
12 11 20
20 7 19
25 2 9
16 23 9
35 17 20
20 27 20
37 11 8
27 12 36
27 20 20
17 5 8
23 13 8
30 24 20
33 37 9
12 6 20
19 3 19
15 10 9
34 12 20
31 15 9
7 11 19
7 20 19
34 2 20
14 13 20
18 17 9
28 30 8
35 1 33
18 12 9
16 15 9
36 8 9
6 3
2 4 3
6 5 4
1 2 6
3 3
1 2 2
2 3 3
3 1 1
30 55
7 8 19
20 21 29
11 20 29
19 30 19
19 8 19
22 5 19
10 28 10
15 25 19
17 11 29
5 24 19
6 2 29
5 16 29
1 6 10
16 2 29
30 17 29
8 9 8
24 1 29
22 2 19
10 9 29
3 27 29
2 17 29
16 15 29
4 20 4
7 11 19
26 20 29
26 8 19
14 11 19
29 19 29
23 18 19
22 11 22
23 5 23
27 8 29
1 3 29
13 8 19
2 7 19
9 10 29
16 5 29
23 4 29
23 2 2
15 7 19
7 1 29
7 16 29
11 13 22
28 3 29
23 25 19
10 6 10
28 6 6
17 26 29
14 1 29
5 28 29
29 27 29
7 2 19
18 21 19
3 1 29
16 30 29
39 114
38 34 13
39 11 5
23 14 18
8 9 13
15 4 12
15 9 12
30 13 13
24 35 13
6 5 5
18 31 13
4 29 13
2 10 13
1 5 13
39 20 18
20 34 18
14 1 13
33 27 10
36 39 13
38 23 13
27 5 5
39 4 13
23 26 10
9 21 12
18 7 13
30 3 18
28 3 18
19 3 16
28 13 13
31 4 12
38 31 13
4 26 13
26 14 18
21 37 13
1 34 13
14 22 18
20 15 13
34 4 13
15 20 13
27 9 13
3 36 13
36 9 13
9 24 12
22 31 13
23 6 5
18 10 18
9 27 13
13 11 13
21 27 13
6 1 13
14 17 18
15 3 13
39 30 5
17 27 5
30 28 28
25 22 13
29 15 13
5 39 5
37 8 18
34 11 5
22 10 10
5 34 5
31 30 13
31 12 12
13 14 13
12 38 13
37 39 18
33 26 26
32 36 13
22 7 13
26 24 13
16 6 18
15 3 13
37 23 18
18 34 18
20 8 18
16 20 16
21 23 13
30 12 13
9 21 12
21 9 12
7 4 13
30 4 13
32 22 13
34 23 5
15 7 13
29 34 34
32 8 13
10 29 5
18 24 13
37 39 18
16 35 18
36 35 13
25 7 13
29 22 5
14 16 16
7 34 13
33 22 10
36 33 13
10 22 10
10 28 10
36 26 13
37 3 16
21 23 13
35 16 18
19 32 13
5 34 5
36 8 13
14 16 16
16 11 18
14 32 13
1 33 13
21 13 13
15 7 13
13 9 13
23 71
3 11 21
2 14 5
17 10 21
21 14 21
15 20 15
15 14 15
2 21 21
23 13 23
12 7 12
8 16 12
17 12 21
13 6 19
4 2 12
9 5 5
8 15 5
12 15 5
7 3 21
11 9 12
17 19 21
16 23 12
3 13 21
7 12 12
12 23 12
13 20 5
18 3 21
6 21 21
18 20 5
23 2 12
4 13 12
16 9 12
10 2 12
18 1 21
7 8 12
2 1 21
22 19 19
1 22 21
14 15 15
3 8 21
6 15 19
2 13 12
13 21 21
20 1 21
3 4 21
4 16 12
16 18 5
4 2 12
23 14 5
21 4 21
2 19 19
19 22 19
11 18 5
10 19 19
20 5 5
11 23 12
21 22 21
3 5 21
2 1 21
20 9 5
10 15 5
3 23 21
12 13 12
13 2 12
16 15 5
17 11 21
7 11 12
5 2 5
13 14 5
9 3 21
13 20 5
15 3 21
13 16 12
9 83
8 3 2
6 2 2
2 7 2
7 2 2
4 2 2
5 2 5
5 3 7
2 7 2
8 5 5
7 2 2
6 7 2
4 3 2
1 6 3
9 6 2
8 3 2
9 6 2
7 8 2
9 7 3
7 2 2
7 3 2
8 2 2
1 8 2
8 2 2
6 5 5
6 2 2
2 9 2
7 3 2
1 9 2
1 7 2
9 7 5
6 9 2
5 9 5
9 8 4
3 6 3
1 4 2
2 5 5
1 9 2
7 4 2
3 5 5
3 4 2
2 8 6
6 1 3
7 5 5
1 8 2
6 8 2
5 3 5
8 2 2
3 5 5
7 3 2
4 2 2
7 3 2
8 4 4
7 6 2
8 4 4
8 6 2
7 9 2
9 8 4
4 2 2
9 5 5
4 2 2
2 6 2
4 2 2
3 8 2
2 5 5
4 1 2
6 1 4
1 8 2
3 7 2
6 7 8
4 7 2
8 7 2
9 8 4
1 2 2
3 7 2
2 1 2
8 3 2
4 3 2
9 8 4
3 9 2
9 8 4
8 3 2
9 4 4
9 4 4
29 66
29 18 19
24 3 21
14 1 21
29 21 21
23 1 1
20 11 20
2 10 20
6 11 20
6 26 19
28 2 19
27 10 19
7 28 21
17 28 19
19 2 19
21 25 19
15 29 19
8 12 10
4 24 19
16 7 19
4 3 19
9 23 19
11 12 20
21 9 19
5 9 19
9 21 19
14 10 19
20 23 19
3 28 21
27 23 19
28 7 21
12 18 20
1 27 19
13 27 19
14 3 21
19 22 19
20 27 19
21 18 19
5 6 19
22 11 19
11 21 19
28 27 19
28 24 21
17 26 19
6 16 20
18 6 6
23 3 1
14 28 21
9 14 19
15 27 19
28 17 19
7 8 19
17 27 19
23 10 19
24 25 19
27 11 19
22 6 19
2 11 2
28 9 19
27 21 19
23 4 19
4 24 19
4 3 19
7 10 19
5 20 19
20 28 19
5 28 19
44 94
12 22 12
29 25 16
25 28 28
35 42 1
32 11 12
39 23 12
23 16 12
12 22 12
7 4 7
2 9 16
34 31 12
2 23 12
9 22 12
41 11 12
39 15 12
35 7 7
31 17 12
40 38 12
34 31 12
42 39 12
34 26 8
8 16 12
28 9 16
16 40 16
1 28 12
2 27 16
12 23 12
33 26 12
10 44 12
21 18 1
4 17 12
15 22 43
31 39 12
13 2 12
27 29 16
27 18 12
1 6 12
22 18 1
11 44 12
37 17 32
27 15 12
10 15 1
40 30 12
4 16 12
7 15 1
28 24 16
35 37 12
31 39 12
17 14 32
5 43 12
28 31 12
21 31 43
1 28 12
42 28 12
31 15 43
18 12 12
33 12 12
39 17 12
14 19 12
33 4 12
43 6 12
36 8 12
25 26 12
27 37 12
18 27 12
11 6 12
8 6 12
1 12 12
27 18 12
15 38 1
42 26 12
9 36 12
29 10 12
4 36 12
42 3 12
23 14 12
13 27 12
18 43 1
21 27 12
14 4 12
21 26 12
11 37 12
20 8 12
16 12 12
36 34 12
10 9 12
6 31 12
33 38 12
40 42 12
13 6 12
4 8 12
33 43 12
32 36 32
43 17 12
11 78
1 2 8
5 7 8
2 6 2
3 9 8
3 9 8
5 7 8
3 7 8
10 9 9
7 5 8
8 7 8
5 9 8
9 6 6
11 9 8
11 2 8
9 6 6
7 4 8
5 6 8
1 2 8
2 10 2
3 1 8
11 3 4
6 9 6
3 5 8
10 6 6
7 1 8
11 1 8
8 10 8
7 10 6
4 5 8
9 11 8
1 4 8
9 7 6
1 2 8
11 8 8
4 10 8
1 10 8
1 8 8
10 7 6
5 1 1
5 7 8
9 1 8
6 8 8
5 10 8
11 1 8
7 11 8
2 3 8
2 4 8
8 1 8
10 9 9
6 10 6
2 6 2
6 8 8
9 11 8
1 5 1
2 9 2
8 3 8
6 1 8
11 5 8
8 7 8
6 7 6
7 9 6
2 7 2
10 9 9
3 7 8
5 10 8
7 3 8
7 4 8
1 2 8
7 10 6
1 4 1
7 8 8
4 10 8
2 5 8
4 2 8
4 3 4
11 10 8
8 5 8
7 6 6
44 104
12 43 39
2 24 8
32 12 39
16 10 39
24 14 8
32 11 15
1 32 39
37 9 39
6 20 39
4 35 28
36 28 39
36 27 27
13 19 8
31 8 8
16 11 8
9 26 18
13 30 39
22 13 39
4 17 18
33 42 5
18 10 39
14 24 8
40 1 1
2 12 8
8 15 8
32 5 39
43 20 39
41 43 10
22 23 39
4 20 8
8 16 8
10 7 39
6 17 39
14 43 39
25 38 39
34 40 8
22 37 39
18 22 39
11 24 8
3 35 39
37 41 39
25 9 39
32 37 39
4 31 28
5 27 39
7 16 8
27 18 9
3 28 39
14 33 34
3 24 39
10 30 29
24 6 39
44 21 39
32 10 29
19 44 8
23 15 15
32 36 29
39 30 39
13 14 8
24 26 8
24 2 8
44 15 8
36 34 39
44 1 28
22 5 39
5 31 9
9 10 39
18 43 29
23 26 8
41 3 29
36 33 39
34 26 8
31 5 28
8 30 39
14 36 39
28 22 39
6 27 27
26 12 18
33 9 8
34 1 8
26 38 18
40 13 8
1 34 8
4 13 8
16 1 8
39 9 39
42 9 39
44 28 28
19 5 8
4 10 39
43 44 39
13 5 12
31 19 8
2 44 8
17 33 8
33 29 39
23 9 8
41 17 39
41 21 41
19 37 39
20 39 39
39 34 39
8 14 8
31 5 28
9 23
9 4 4
9 4 4
7 8 7
2 3 7
5 6 7
9 6 7
6 2 2
1 7 7
1 9 4
1 5 7
7 6 7
1 2 7
3 8 7
8 2 8
7 4 7
4 1 4
9 1 4
6 9 7
2 8 8
2 6 2
3 5 7
3 9 4
4 7 7
14 48
7 10 10
13 10 10
2 11 2
6 13 13
8 12 10
7 8 10
1 12 1
8 12 10
1 5 1
8 2 10
3 6 10
1 11 1
7 2 10
3 10 10
11 1 1
11 10 10
13 10 10
7 6 10
12 9 13
1 10 1
14 8 14
5 2 1
7 2 10
6 11 13
2 7 10
9 12 13
2 6 2
11 3 10
2 13 2
5 12 1
3 8 14
3 8 14
12 3 10
8 14 14
6 3 10
10 5 1
3 7 10
1 9 1
10 3 10
3 2 10
8 13 10
10 11 10
6 13 13
2 7 10
12 3 10
2 1 1
7 12 10
4 13 10
15 104
11 3 11
13 6 5
5 10 10
1 12 5
12 3 5
13 3 13
11 4 11
5 9 5
3 4 5
15 6 5
9 12 9
3 10 10
15 3 13
11 9 11
3 15 13
11 6 11
4 5 5
11 5 11
9 12 9
5 3 5
5 12 5
3 11 11
3 10 10
13 9 5
1 13 13
11 13 11
9 13 5
2 3 11
9 7 11
10 9 10
8 15 11
10 11 11
4 1 5
7 5 11
7 6 11
8 6 11
2 6 11
8 10 11
6 1 5
5 14 5
14 12 5
14 1 13
4 10 10
15 5 5
11 2 11
5 10 10
10 11 11
2 14 11
10 4 10
7 9 11
14 15 14
10 11 11
15 1 13
4 13 5
10 2 11
9 14 5
7 5 11
9 3 5
4 13 5
13 5 5
9 14 5
4 3 5
5 2 11
1 12 5
4 8 11
1 8 11
15 9 5
6 10 10
14 8 11
3 12 5
8 11 11
11 13 11
14 7 11
12 6 9
12 5 5
8 15 11
2 13 11
4 10 10
4 11 11
4 11 11
13 2 11
15 12 5
14 6 5
9 14 5
11 4 11
7 3 11
5 3 5
2 8 11
15 5 5
1 11 11
15 13 13
13 1 13
10 13 10
5 14 5
6 2 11
14 11 11
6 3 5
4 2 11
14 15 14
9 3 5
14 15 14
2 7 11
7 3 11
7 5 11
60 120
52 41 58
51 10 59
40 34 59
5 18 59
39 2 59
45 33 13
43 2 59
7 21 59
60 36 17
55 22 59
15 47 59
13 41 59
28 23 59
12 17 59
46 47 59
28 59 59
49 6 59
35 31 39
11 57 59
54 6 59
19 4 59
5 31 59
26 30 59
10 60 17
50 35 59
14 33 59
42 33 59
40 17 59
11 14 58
31 29 39
33 6 59
4 30 59
18 15 33
31 55 59
53 46 30
38 6 59
36 57 59
29 18 59
39 12 39
31 23 59
17 25 59
43 26 59
5 17 59
29 10 59
27 32 59
21 60 59
18 17 17
21 55 45
26 22 59
28 5 59
43 59 59
58 55 59
48 43 39
54 43 59
50 7 58
60 39 10
51 34 13
36 3 59
54 52 58
27 40 58
13 48 13
55 13 59
11 27 11
32 31 13
26 59 59
12 42 59
13 49 59
4 32 59
29 58 59
50 25 58
36 32 59
8 55 59
33 17 59
5 34 59
35 20 59
44 13 59
8 43 54
58 54 58
27 16 59
41 11 11
14 23 5
57 27 59
55 49 59
17 47 17
8 24 59
16 41 59
11 24 59
18 38 59
10 2 59
20 1 1
6 46 59
59 36 59
39 6 59
56 31 59
21 23 59
12 38 4
60 15 59
45 59 59
8 27 58
43 38 59
42 48 59
17 55 17
36 12 59
26 16 4
42 19 59
35 46 59
53 37 59
17 52 59
22 7 58
27 45 59
23 34 59
43 30 59
54 10 59
2 14 58
27 24 59
50 23 58
41 7 58
24 27 59
2 10 59
31 43 39
33 55
15 16 13
28 14 1
6 3 18
13 16 13
23 28 13
10 12 10
21 6 13
31 26 13
24 19 13
22 10 20
17 19 18
13 27 27
1 24 27
7 31 4
29 8 13
8 19 13
33 21 19
2 23 18
9 1 24
5 26 18
3 5 18
12 14 13
25 23 13
28 13 13
2 26 18
29 4 13
27 2 18
11 2 18
30 8 8
9 15 13
31 21 31
17 15 18
29 33 33
20 28 20
20 17 18
9 23 9
33 30 25
20 9 26
2 14 18
3 31 18
32 31 18
16 14 4
28 24 13
24 25 4
13 11 25
17 7 18
24 11 13
30 10 13
10 24 13
17 3 2
8 17 18
19 24 14
32 3 3
2 5 18
17 20 18
51 47
11 1 44
14 50 32
18 49 32
18 51 32
45 13 32
37 27 44
46 6 44
30 2 32
24 10 32
2 14 32
24 2 32
44 49 32
7 38 32
41 32 32
33 46 32
11 40 40
24 1 44
24 20 24
31 48 48
2 13 32
44 1 44
31 45 32
44 50 44
6 10 32
34 16 44
12 51 32
7 38 32
39 7 32
33 11 32
43 14 32
1 15 32
37 35 32
30 46 44
6 18 44
48 51 32
11 16 44
6 45 32
33 18 32
18 6 44
2 33 32
18 23 44
51 39 32
18 38 32
39 41 44
42 43 44
9 49 32
24 44 44
31 88
4 18 28
9 8 6
20 22 28
27 29 28
16 3 11
26 14 28
25 12 28
28 21 28
19 10 28
26 18 28
17 23 28
25 16 25
24 9 6
26 1 28
21 28 28
20 9 28
4 7 28
24 25 28
9 24 6
27 18 28
8 9 6
24 8 6
26 2 28
17 25 15
19 20 20
14 21 6
22 20 28
9 23 6
11 27 11
6 23 6
19 29 28
18 22 6
22 18 6
20 3 11
15 14 28
17 3 15
31 29 6
17 3 15
12 10 28
14 29 14
10 20 28
16 8 28
13 18 28
5 25 28
16 18 28
7 14 6
16 28 28
11 4 28
5 19 28
7 18 18
14 4 28
2 20 28
9 26 28
10 9 28
24 21 24
18 30 28
10 18 28
12 22 29
8 5 28
4 18 28
2 11 28
29 19 28
30 15 28
7 21 6
5 12 28
22 31 6
27 7 28
10 11 28
13 20 15
19 21 28
31 18 6
27 21 28
26 16 28
13 18 28
1 9 6
27 23 28
1 12 14
24 1 6
6 20 28
26 12 28
8 26 28
8 4 28
8 13 28
6 5 28
3 14 28
31 11 28
28 15 28
8 22 6
41 72
30 2 29
16 40 29
3 13 13
28 39 29
6 14 29
6 29 29
15 33 29
12 37 29
38 39 29
38 36 13
4 26 13
24 33 29
38 6 29
25 13 29
40 3 29
13 15 29
10 39 29
9 20 29
17 23 29
36 38 13
24 19 24
2 21 29
3 8 29
4 14 29
27 39 29
19 38 13
5 41 29
33 31 29
38 39 29
37 26 29
3 18 9
9 7 7
15 5 29
33 31 29
31 8 29
16 33 29
14 29 29
15 3 29
15 35 29
32 33 29
2 3 29
25 2 29
17 23 29
13 30 29
1 13 29
30 24 29
12 15 29
38 40 29
36 26 36
20 6 29
6 37 29
26 41 29
37 17 29
19 26 13
9 22 29
39 31 29
22 3 29
41 19 29
28 11 29
18 13 17
25 28 29
15 27 29
26 13 13
1 17 29
21 1 29
5 26 29
26 3 26
39 4 29
12 13 29
38 2 29
20 26 29
40 38 29
30 29
3 27 13
11 8 13
27 16 27
24 8 24
22 12 24
12 26 24
2 8 8
16 7 27
12 19 24
5 17 13
9 16 13
14 18 13
30 27 13
18 20 13
14 12 24
15 24 24
29 4 13
4 6 4
15 1 13
17 25 13
12 23 24
18 24 24
27 1 13
7 22 14
12 9 24
16 3 13
5 15 13
29 7 29
4 6 4
60 120
6 41 55
57 12 11
33 17 32
49 35 32
31 59 32
12 19 32
21 30 32
6 24 32
16 46 48
3 16 32
60 43 32
58 2 32
4 56 11
20 9 9
24 27 48
33 47 32
37 21 48
18 45 32
1 12 32
17 11 32
55 50 32
43 38 32
59 5 32
60 31 32
39 19 32
9 31 32
46 21 48
41 14 32
33 57 9
37 30 32
16 45 53
39 55 11
57 20 11
38 43 32
56 39 11
58 60 32
20 23 32
7 32 32
11 53 32
50 60 32
27 4 32
47 25 32
46 14 48
36 20 32
6 38 55
11 8 9
43 57 32
51 17 32
44 3 9
43 60 32
34 53 53
33 31 32
19 18 32
39 23 32
12 35 11
25 14 32
39 13 11
5 32 32
29 40 40
60 32 32
21 47 53
19 18 32
58 20 32
27 12 32
60 38 9
36 19 48
19 46 48
15 36 48
41 16 32
47 40 53
12 18 11
47 46 48
26 25 32
30 26 32
35 5 32
17 38 32
57 35 35
8 50 32
55 58 32
28 33 32
41 16 32
53 27 48
33 39 9
25 2 9
25 11 9
4 31 32
34 52 48
22 60 9
58 5 32
27 9 32
46 54 32
9 57 9
40 51 48
24 8 32
2 19 32
41 11 11
40 54 32
43 1 53
45 44 32
48 50 48
7 48 32
20 35 11
38 13 55
20 7 11
20 13 11
9 50 32
19 34 48
58 46 32
29 47 53
44 59 9
51 25 32
45 56 32
38 39 11
24 32 32
44 28 32
51 60 32
15 30 32
57 13 55
44 26 32
47 4 32
54 12
21 43 47
47 25 47
25 6 47
11 2 14
35 48 47
49 11 47
32 34 47
35 9 47
43 13 14
52 12 47
26 2 47
8 51 47
22 100
11 4 19
4 1 19
7 2 15
10 9 19
19 17 15
8 17 15
4 12 15
17 1 15
1 13 19
19 14 19
18 7 15
11 20 19
4 9 19
20 2 16
17 9 15
13 3 3
4 19 19
5 19 15
6 19 6
18 15 15
22 15 15
12 8 15
21 12 15
9 13 22
6 3 6
11 12 15
18 1 19
4 3 19
16 11 19
18 9 19
8 6 6
4 7 15
1 21 1
22 14 3
20 11 19
22 4 19
10 5 15
16 3 19
13 12 15
17 15 15
17 19 15
12 14 15
13 11 19
7 9 15
17 21 15
9 18 19
21 5 15
12 22 15
18 8 19
11 8 19
10 22 19
17 22 15
5 15 15
15 20 15
19 11 19
11 10 19
12 18 15
8 1 19
3 13 3
22 19 19
6 13 6
9 5 15
10 4 19
8 11 19
15 17 15
11 13 19
4 17 15
20 9 19
2 18 19
8 12 15
4 19 19
4 13 19
2 8 19
8 3 8
20 17 15
18 14 19
13 12 15
12 6 6
21 8 19
5 13 15
19 13 19
1 9 19
18 5 15
19 18 19
5 6 6
19 1 19
2 13 19
4 2 19
11 4 19
2 15 15
20 3 19
19 15 15
14 21 19
13 11 19
5 1 15
15 1 15
5 14 15
15 17 15
19 8 19
6 21 6
48 56
37 30 23
37 36 23
37 47 23
31 26 4
14 32 4
14 19 19
48 5 23
25 38 4
41 42 23
25 22 4
29 23 23
10 16 23
33 30 23
20 48 23
23 18 23
20 14 23
4 6 4
37 44 4
20 40 4
29 5 23
19 16 23
6 9 19
3 18 4
48 44 4
6 17 4
25 46 4
24 27 23
48 9 19
43 7 4
38 48 19
32 36 4
46 17 4
43 31 4
29 37 23
3 43 43
10 29 19
31 24 23
14 36 23
9 14 14
37 1 4
46 16 23
11 35 23
28 44 4
48 5 23
35 39 35
36 25 4
20 4 4
42 47 23
36 43 4
8 13 23
9 35 35
7 6 23
12 6 19
26 10 4
6 5 23
16 10 23
55 58
30 7 1
1 26 1
50 33 1
3 5 1
35 27 1
5 33 1
50 35 8
6 36 1
3 7 1
24 2 1
54 40 1
38 48 1
30 37 4
19 33 1
19 6 1
52 47 52
5 14 1
23 9 4
24 27 1
1 9 1
21 12 52
44 48 1
28 50 1
42 15 15
27 55 4
46 32 1
9 42 1
35 10 1
28 40 1
6 16 1
34 54 1
8 27 1
14 13 1
21 7 1
20 55 4
9 22 4
32 51 1
14 23 1
47 1 1
13 33 1
39 40 4
51 52 1
27 47 4
17 31 1
11 15 1
44 51 1
8 47 1
7 34 1
31 42 1
25 37 4
11 46 1
23 5 52
46 18 1
27 20 4
45 16 1
7 12 1
12 37 52
51 54 1
52 24
48 1 22
41 12 23
43 9 23
42 33 23
27 39 27
45 28 23
36 37 23
46 15 27
45 48 23
32 48 27
2 46 2
31 27 27
41 52 23
13 11 23
18 38 27
10 19 27
6 51 23
1 2 2
40 3 23
14 17 26
17 18 27
43 1 23
22 11 23
3 22 23
10 52
9 6 6
9 7 7
7 8 7
10 4 10
3 7 5
5 6 5
9 6 6
2 3 5
6 4 10
7 2 5
9 2 5
6 9 6
5 8 5
2 1 5
4 9 10
9 1 1
5 4 10
10 7 10
4 9 10
10 2 10
9 7 7
9 8 7
4 1 10
3 7 5
4 2 10
1 2 5
3 7 5
3 1 5
8 6 7
7 3 5
10 1 10
8 1 1
6 1 1
8 5 5
5 7 5
8 6 7
4 9 10
6 4 10
2 5 5
6 4 10
2 5 5
7 10 10
10 8 10
3 1 5
9 1 1
9 10 10
4 8 10
6 3 5
3 10 10
3 10 10
8 5 5
10 2 10
16 25
6 10 10
3 8 1
6 11 1
8 12 1
4 3 1
11 9 14
1 14 1
7 16 14
2 1 1
13 14 13
11 7 14
8 7 1
16 14 14
15 11 15
10 9 10
8 1 1
12 4 1
6 1 1
2 8 1
11 16 14
16 15 15
4 16 1
8 4 1
15 8 15
7 15 15
33 118
29 5 32
32 19 2
7 33 2
14 21 26
26 31 2
4 30 7
24 9 2
18 1 2
1 10 2
19 6 2
28 24 2
21 29 14
28 30 7
32 4 12
28 31 2
32 10 2
24 9 2
25 33 19
28 9 7
16 20 16
28 7 7
19 21 2
9 33 2
31 29 2
4 5 32
19 24 31
12 18 12
9 7 7
16 4 7
9 23 17
12 3 2
32 25 2
4 25 2
33 9 2
5 25 2
23 22 2
3 18 2
24 32 2
23 2 2
15 32 7
33 18 19
2 16 2
22 29 2
20 6 2
11 1 16
25 6 2
13 26 2
3 24 2
33 28 2
3 21 2
15 33 2
20 28 20
20 19 2
19 24 25
33 12 19
10 17 2
31 16 2
32 1 2
19 13 19
30 28 7
25 7 2
28 16 16
15 29 7
28 23 7
16 29 7
27 23 7
21 24 2
7 17 7
27 7 7
27 1 2
33 22 13
1 33 2
25 4 2
8 29 17
13 23 2
1 2 2
4 21 7
12 19 10
19 26 2
10 20 2
16 1 2
26 15 7
29 32 32
26 1 2
10 13 13
33 6 2
15 14 7
31 5 2
10 20 2
28 14 23
30 16 7
17 1 2
23 8 17
20 32 7
24 14 2
12 16 31
29 23 7
10 18 23
12 29 2
10 11 31
23 8 17
22 10 13
16 17 7
11 26 2
29 18 2
17 16 5
6 22 2
12 17 2
23 1 2
26 15 7
4 23 7
7 33 2
32 19 2
33 15 2
9 11 20
5 9 7
9 30 17
5 7 7
45 85
5 29 44
18 42 26
7 32 44
29 26 44
26 40 26
26 23 44
42 31 44
16 10 44
17 20 44
34 27 44
3 27 44
38 4 44
29 14 32
5 42 44
3 9 44
36 44 44
33 27 44
32 5 12
43 10 44
45 3 44
1 35 44
13 16 44
30 12 44
18 22 26
21 23 10
12 5 12
43 16 44
28 4 44
14 8 44
19 33 44
45 6 6
45 43 44
45 40 26
33 1 34
42 35 44
6 22 6
36 9 44
18 41 44
38 30 42
3 12 12
23 37 44
11 14 18
38 10 44
34 13 44
11 41 44
34 13 44
26 1 44
20 40 44
19 43 44
22 2 44
13 36 30
42 36 44
3 2 44
18 17 18
40 6 6
13 24 30
36 31 2
16 40 26
26 39 44
39 16 44
44 23 44
5 42 44
17 10 44
4 16 8
9 29 44
2 19 44
26 11 26
1 38 44
41 38 30
27 30 44
22 17 30
3 37 8
18 16 18
41 33 44
4 28 44
25 19 18
33 21 44
19 41 44
33 6 6
15 12 44
44 16 44
8 29 30
43 34 44
25 1 44
42 8 44
8 42
8 1 1
6 7 1
5 2 5
1 3 1
3 6 1
5 4 1
5 7 5
5 8 1
2 4 1
6 7 1
6 3 1
4 6 6
1 8 1
4 1 1
5 8 1
1 6 1
5 1 1
7 6 1
5 2 5
1 5 1
5 3 5
7 1 1
1 3 1
7 2 2
2 5 5
6 2 1
1 5 1
6 5 1
6 7 1
4 1 1
5 2 5
7 2 2
3 4 1
6 3 1
3 7 2
4 1 1
2 3 2
7 6 1
4 1 1
2 6 1
7 8 1
4 6 6
22 71
18 11 6
15 17 4
20 19 4
18 11 6
5 18 6
4 8 4
19 18 4
8 3 4
12 9 4
8 5 6
11 9 4
17 9 4
6 22 4
13 7 6
22 19 4
17 7 4
3 8 4
17 13 4
17 3 4
8 6 6
15 2 4
9 12 4
17 19 4
1 6 4
14 3 3
1 8 4
13 10 11
3 11 4
10 3 4
21 13 6
12 6 4
9 19 4
18 3 4
21 11 6
11 12 4
21 9 4
6 12 4
14 11 4
5 7 6
17 18 4
21 5 6
3 22 4
16 14 4
17 5 4
18 20 6
17 5 4
17 13 4
15 8 4
11 5 11
11 20 11
9 14 4
13 15 4
5 6 6
17 7 4
5 12 4
9 12 4
10 2 6
14 22 4
4 2 4
2 4 4
21 2 6
2 3 4
1 2 4
8 9 4
2 9 4
15 13 4
3 14 3
8 22 4
15 21 4
21 10 6
17 5 4
16 105
8 10 8
13 9 13
6 4 14
15 12 8
2 6 14
13 2 13
16 3 5
10 4 5
16 9 13
2 15 5
4 10 5
11 3 11
2 13 13
2 6 14
16 7 14
7 14 14
5 13 13
7 2 14
15 5 5
1 15 14
1 14 14
4 15 15
16 12 8
5 16 5
16 12 8
13 8 13
12 16 8
8 1 14
14 9 14
9 4 13
3 16 5
6 15 14
2 9 13
7 4 14
9 4 13
5 2 5
11 13 13
9 8 13
6 14 14
14 13 14
16 11 5
9 10 13
13 2 13
7 3 14
11 9 13
15 9 13
16 2 2
5 16 5
4 5 5
9 7 14
7 4 14
10 3 5
13 11 13
4 7 14
8 12 8
8 7 14
8 15 8
13 16 13
7 8 14
9 1 14
12 4 8
10 15 5
12 3 8
2 7 14
15 2 5
9 10 13
3 15 5
3 2 5
10 13 13
12 11 8
15 4 15
10 1 14
13 1 14
8 11 8
8 15 8
6 10 14
9 12 13
4 1 14
8 7 14
8 9 13
1 16 14
8 14 14
1 9 14
5 1 14
15 11 5
3 16 5
7 16 14
13 1 14
11 2 5
2 6 14
14 15 14
14 2 14
10 9 13
13 7 14
15 4 15
11 16 5
8 10 8
14 8 14
14 8 14
7 2 14
1 11 14
11 9 13
11 15 5
12 4 8
8 12 8
50 107
27 31 10
19 39 1
20 31 49
15 9 10
36 19 19
36 20 10
1 13 10
46 29 10
25 14 10
10 8 10
32 24 49
15 5 10
47 31 49
5 36 19
7 26 10
41 35 19
8 49 10
15 17 10
26 37 10
6 8 10
13 1 10
42 33 1
22 38 10
28 50 1
33 25 10
44 20 10
44 47 10
7 31 10
1 4 10
29 25 47
14 36 10
3 43 1
4 2 10
31 29 49
37 24 47
9 42 1
30 47 10
15 34 10
9 33 1
38 42 1
29 9 10
11 10 10
6 12 4
19 38 1
3 22 10
36 13 10
35 11 1
44 50 11
32 10 10
24 11 10
17 28 17
49 9 10
9 5 1
46 13 10
40 15 10
39 47 10
15 2 10
38 27 1
31 9 10
29 32 49
8 37 10
11 6 10
10 23 10
7 47 10
40 26 1
14 18 10
13 28 10
49 1 10
30 48 10
20 17 10
5 34 19
49 41 10
37 13 10
30 35 19
49 32 49
8 35 10
8 7 10
16 33 10
31 22 49
47 43 10
40 48 10
4 42 10
32 30 10
9 20 10
25 23 10
28 10 10
32 42 10
3 24 10
25 50 10
27 40 1
23 47 10
27 38 1
48 10 10
42 5 19
35 44 1
36 2 19
26 48 10
31 49 49
22 12 22
34 29 10
28 15 10
5 24 10
50 6 10
30 15 10
35 4 10
34 26 1
8 18 10
12 9
1 5 7
11 2 6
9 4 12
8 12 6
10 1 7
4 3 12
3 10 6
8 11 8
2 5 10
30 87
24 11 22
26 22 22
17 22 22
25 23 22
9 10 22
21 14 22
5 7 22
29 9 24
24 3 22
11 15 22
13 20 22
6 28 22
20 4 22
19 30 22
27 25 4
1 23 22
16 18 22
21 7 19
7 23 22
21 28 22
18 1 22
1 14 1
21 25 22
12 16 22
18 7 22
6 12 22
10 5 22
21 8 22
7 30 22
27 20 22
21 12 22
23 27 22
2 1 1
9 25 4
25 15 4
18 28 22
20 5 5
12 4 22
9 12 22
28 26 26
16 25 30
23 19 22
6 15 22
12 2 2
17 16 30
11 16 22
3 2 22
24 22 22
26 29 22
24 20 22
15 24 24
20 8 22
1 6 22
8 19 22
7 15 22
20 3 3
23 2 22
26 27 22
16 14 22
30 17 30
16 5 22
25 24 24
30 22 22
26 10 26
20 19 22
12 18 22
5 4 22
7 21 19
18 10 22
7 29 22
5 25 22
24 21 22
24 28 22
16 24 24
2 21 22
13 6 23
22 29 22
4 30 4
21 14 22
7 17 22
8 21 22
30 10 22
12 17 22
25 9 4
19 7 19
4 8 4
28 6 22
49 37
22 7 27
23 17 27
31 26 27
35 5 15
14 7 27
11 24 27
31 18 27
18 5 27
43 4 27
9 20 27
43 22 26
38 14 27
11 5 27
46 42 10
12 27 27
48 29 27
2 22 27
12 18 10
39 29 26
9 20 27
4 21 10
38 28 26
23 29 26
26 22 26
15 6 26
19 47 27
15 45 26
44 45 27
42 34 10
31 24 27
23 32 26
28 38 26
16 13 26
9 3 27
27 42 27
23 47 27
20 26 27
9 98
1 6 2
1 2 2
9 7 2
1 5 2
3 4 2
1 3 2
5 9 2
6 8 9
7 2 2
8 6 8
1 3 2
4 7 2
9 4 2
4 9 2
3 9 2
2 8 2
6 2 2
2 8 2
6 3 2
6 9 2
9 6 2
1 2 2
8 4 2
6 1 2
1 2 2
2 3 2
5 4 2
9 1 9
9 1 9
5 7 2
6 1 2
1 9 9
6 8 8
8 2 2
9 4 2
8 3 2
4 3 2
8 7 8
8 6 8
8 2 2
1 5 2
7 6 7
7 9 2
5 8 2
6 4 2
8 9 2
8 1 2
1 3 2
3 2 2
2 4 2
1 9 9
3 6 2
2 5 2
8 4 2
3 5 3
3 2 2
5 8 2
9 4 2
6 1 2
9 1 9
5 3 3
3 6 2
1 4 2
5 3 3
1 7 2
3 4 2
7 6 7
3 7 2
5 3 3
2 6 2
6 8 8
4 9 2
6 5 2
8 3 2
6 2 2
7 9 2
7 5 2
7 3 2
2 8 2
9 1 9
8 4 2
1 3 2
3 6 2
1 4 2
7 6 7
7 5 2
8 2 2
6 8 8
5 7 2
3 2 2
7 6 7
6 8 8
9 7 2
3 5 3
6 5 2
7 1 2
5 3 3
3 8 2
33 23
22 11 15
33 23 15
11 32 2
1 27 15
2 33 2
21 12 21
6 26 10
3 2 2
10 14 15
22 3 15
32 4 2
27 19 15
6 3 15
29 8 15
4 19 15
9 24 15
9 10 15
22 23 15
28 19 15
13 7 2
1 12 15
17 33 2
25 6 15
6 119
3 2 6
5 6 6
2 5 6
1 3 3
3 5 6
5 6 6
2 6 6
3 5 6
5 4 6
2 6 6
4 5 6
4 6 6
4 3 3
4 2 6
2 4 6
2 4 6
6 2 6
3 6 6
3 5 6
4 2 6
5 6 6
2 1 6
2 4 6
2 1 6
3 4 3
1 6 6
3 4 3
4 6 6
4 6 6
4 2 6
1 5 6
4 2 6
2 4 6
6 5 6
6 1 6
5 4 6
1 3 3
2 3 6
5 1 6
4 2 6
2 1 6
6 3 6
5 1 6
4 5 6
5 1 6
6 4 6
5 2 6
5 2 6
6 3 6
3 5 6
3 4 3
3 1 3
1 6 6
6 4 6
4 2 6
5 3 6
6 4 6
3 1 3
4 3 3
6 3 6
6 5 6
2 5 6
2 3 6
6 2 6
5 4 6
3 1 3
6 4 6
6 5 6
2 6 6
5 3 6
3 2 6
4 1 3
6 2 6
4 2 6
1 5 6
2 3 6
1 3 3
5 2 6
6 5 6
5 2 6
2 3 6
1 6 6
6 2 6
2 6 6
4 1 3
4 2 6
3 5 6
6 5 6
4 5 6
4 1 3
5 1 6
2 3 6
5 6 6
1 6 6
3 5 6
4 2 6
5 2 6
4 6 6
4 6 6
1 6 6
2 3 6
1 6 6
6 5 6
6 1 6
5 6 6
2 3 6
6 5 6
3 1 3
4 3 3
6 4 6
2 3 6
4 2 6
4 1 3
3 2 6
2 1 6
5 1 6
3 2 6
4 1 3
1 5 6
7 4
7 3 5
4 1 2
6 3 6
6 4 5
46 107
6 37 40
33 23 40
6 20 19
19 24 40
27 7 7
6 10 7
18 36 40
20 29 40
36 12 40
43 24 40
13 38 40
20 19 19
36 4 19
8 39 43
31 12 40
44 46 7
33 40 40
37 3 40
4 11 40
22 13 40
34 21 40
12 6 40
4 21 40
44 37 40
34 38 19
24 14 40
18 26 7
22 39 40
3 46 40
46 18 7
37 10 40
31 18 40
43 17 40
28 22 40
8 14 40
37 27 40
34 36 19
24 39 40
15 36 40
39 25 40
21 41 40
33 43 40
3 27 40
12 15 2
37 28 40
6 21 40
24 12 40
3 44 40
7 45 40
7 2 40
40 17 40
35 13 40
40 20 40
7 14 40
24 16 16
41 33 34
39 9 40
19 30 19
14 35 40
26 21 40
23 30 40
32 7 40
13 19 40
18 9 40
11 39 40
5 29 2
37 33 40
9 17 40
15 28 40
15 46 40
19 15 40
16 10 7
12 14 40
32 23 40
11 34 40
6 43 40
12 46 40
19 40 46
43 11 40
22 33 40
27 25 40
41 14 7
34 6 19
11 45 40
23 33 40
27 22 35
38 2 40
22 32 40
6 8 40
31 43 40
19 45 19
19 27 40
39 34 40
15 14 40
26 28 40
5 30 40
16 8 40
24 32 40
30 45 19
21 33 40
5 26 40
26 18 7
42 17 40
14 43 40
19 30 19
22 39 40
38 36 19
19 21
10 11 11
9 2 8
15 7 13
12 18 15
6 4 13
3 5 13
6 13 13
3 19 13
4 2 13
6 19 13
8 1 13
14 6 13
6 11 11
17 19 13
4 12 13
3 13 13
9 11 13
17 13 13
9 8 8
15 18 15
14 4 4
11 28
11 5 6
6 5 6
6 8 6
9 1 6
5 7 6
9 6 6
3 5 6
5 8 9
1 7 1
5 6 6
6 7 6
1 10 1
11 4 6
7 5 6
2 1 1
2 8 6
5 9 9
7 2 7
8 2 6
2 9 6
2 8 6
3 8 6
1 4 6
2 6 6
10 9 6
8 2 6
4 3 6
11 8 6
4 2
2 1 2
1 4 3
9 64
4 9 9
3 5 9
2 3 9
6 2 9
4 1 2
1 9 9
3 9 9
9 2 9
4 6 9
2 4 2
3 5 9
4 9 9
9 5 9
7 4 2
3 2 9
9 1 9
6 9 9
4 8 2
9 2 9
1 7 2
8 7 8
6 8 9
3 1 9
8 4 2
6 7 9
4 6 9
5 3 9
9 5 9
5 7 9
6 8 9
6 1 9
3 1 9
6 5 6
8 6 9
9 1 9
4 6 9
9 4 9
6 2 9
2 3 9
1 7 2
8 4 2
2 4 2
7 5 9
1 6 9
1 6 9
5 7 9
6 3 9
6 7 9
2 4 2
4 8 2
7 3 9
9 6 9
2 4 2
8 3 9
3 4 9
6 5 6
1 9 9
4 2 2
5 3 9
3 9 9
7 2 2
9 8 9
6 7 9
4 3 9
6 100
3 6 3
5 4 6
3 5 3
3 1 3
1 4 4
3 2 3
2 5 2
3 2 3
5 6 6
6 2 6
1 3 3
5 2 2
2 4 6
6 5 6
3 2 3
5 1 6
6 5 6
6 1 6
6 3 3
5 4 6
6 5 6
2 1 6
6 5 6
4 6 6
5 2 2
4 3 3
1 2 6
5 4 6
5 2 2
1 2 6
6 1 6
5 6 6
1 5 6
4 3 3
1 2 6
4 6 6
6 5 6
3 2 3
1 5 6
5 3 3
4 2 6
3 4 3
1 6 6
2 1 6
2 1 6
3 1 3
5 3 3
1 5 6
1 2 6
1 3 3
3 2 3
3 4 3
5 1 6
1 4 4
4 5 6
3 1 3
1 2 6
3 4 3
4 2 6
5 4 6
2 4 6
5 3 3
5 4 6
3 6 3
6 3 3
5 2 2
5 2 2
5 1 6
3 1 3
6 3 3
5 3 3
2 6 6
1 2 6
4 1 4
1 5 6
3 5 3
1 3 3
5 3 3
6 5 6
4 2 6
3 4 3
3 1 3
2 5 2
5 2 2
2 1 6
3 2 3
5 6 6
1 2 6
6 1 6
1 3 3
1 4 4
2 3 3
4 6 6
3 2 3
4 3 3
1 5 6
4 2 6
5 2 2
1 3 3
3 6 3
35 92
15 25 25
6 35 25
1 7 25
7 2 2
33 4 25
16 9 25
1 7 25
1 19 25
34 31 25
25 9 22
25 15 25
5 15 25
13 12 25
34 14 25
12 16 25
15 8 15
4 22 25
18 27 25
27 21 14
14 32 25
26 25 25
20 19 25
3 24 24
16 31 25
35 34 25
30 21 25
9 10 25
25 34 25
9 31 21
16 5 14
17 6 17
33 2 25
33 26 25
16 24 24
34 30 25
34 27 15
30 28 28
24 9 25
28 17 25
20 10 25
18 16 25
5 7 25
19 1 25
16 26 25
31 35 25
27 31 25
30 24 25
16 21 25
19 20 25
3 9 25
1 4 18
23 13 13
18 1 18
10 27 25
8 20 25
29 30 28
19 3 24
23 1 21
12 7 25
24 5 25
3 35 24
24 10 24
21 32 21
11 28 25
3 25 25
22 7 25
34 20 25
4 30 25
20 29 25
22 7 25
7 30 7
7 29 28
12 26 25
15 3 25
34 6 25
3 1 25
4 3 25
3 23 25
19 25 25
19 18 25
10 1 25
6 31 25
26 13 25
6 21 25
31 26 25
34 5 11
18 15 25
11 34 25
18 34 25
16 29 25
18 22 25
32 9 21
18 101
7 15 5
10 16 10
17 4 10
7 18 1
13 14 7
14 8 5
7 6 10
18 17 10
10 6 10
9 16 10
3 11 18
5 15 5
15 2 4
15 12 15
14 2 10
8 7 8
6 2 17
13 14 14
12 6 10
9 17 10
3 14 14
7 12 5
16 3 10
9 6 10
2 5 10
6 11 10
7 3 5
1 13 18
4 15 5
5 15 5
16 18 10
16 1 10
4 12 5
9 15 3
12 1 18
2 9 12
3 4 5
5 18 5
2 16 10
8 2 10
5 6 10
7 16 10
12 9 13
4 9 5
13 5 5
16 5 10
9 4 5
15 2 10
9 12 15
4 1 5
12 13 13
17 3 10
1 14 18
12 6 3
5 11 4
10 3 10
3 11 18
12 7 5
18 10 10
16 12 10
4 8 5
7 10 10
9 15 15
4 9 5
11 7 5
13 15 15
4 2 10
16 1 10
9 12 13
1 6 10
6 14 10
14 13 14
18 14 18
18 7 5
4 7 5
6 5 10
2 17 17
11 9 18
4 8 5
3 12 14
13 17 10
16 7 10
10 12 10
8 12 5
13 17 10
12 13 13
9 4 5
14 7 5
6 17 17
13 15 15
16 11 10
11 1 18
14 10 10
12 14 14
6 17 11
11 8 5
7 4 5
16 7 10
16 3 10
7 13 5
6 2 17
33 19
9 28 8
2 32 32
7 21 11
6 23 11
22 10 11
10 7 11
28 11 11
4 14 11
21 8 8
6 25 11
24 1 11
11 33 11
23 14 5
26 23 11
10 18 11
8 21 8
28 23 11
3 14 5
6 17 17
60 120
19 48 32
46 37 46
17 29 38
5 54 38
50 54 38
6 21 56
57 31 46
17 50 38
15 31 32
12 50 56
19 59 38
19 23 46
9 20 49
17 54 38
14 16 56
53 35 26
33 44 38
21 60 56
50 58 38
19 9 32
3 5 46
31 3 32
58 10 46
36 6 56
38 57 38
5 12 38
29 40 56
2 58 46
48 42 60
59 8 36
15 4 38
16 28 38
30 3 38
59 43 38
32 11 38
37 14 38
29 31 38
33 26 26
43 1 46
40 27 56
46 53 38
51 7 38
16 52 38
42 34 46
58 49 15
45 44 44
39 11 56
42 15 32
47 55 38
56 47 56
41 44 38
21 4 38
33 16 56
4 39 38
59 33 56
39 59 56
25 38 38
58 16 38
32 54 38
54 10 38
7 6 56
6 58 38
2 49 46
25 10 46
56 36 56
13 48 38
28 52 45
6 3 18
44 10 46
48 45 15
38 48 38
31 40 38
58 14 38
2 36 38
18 24 32
18 58 15
24 5 46
22 46 38
44 10 46
39 58 31
48 35 38
15 6 38
59 51 38
60 24 38
35 5 38
52 16 38
31 57 46
5 47 38
50 36 14
41 29 38
39 43 38
54 15 38
47 56 56
48 22 38
59 43 38
6 50 56
44 9 44
46 16 38
13 57 38
12 51 38
57 41 38
3 15 15
43 29 18
9 1 15
19 4 44
30 34 38
19 27 48
11 10 38
22 36 14
58 43 46
6 55 38
26 43 38
18 45 15
46 37 46
47 20 38
22 5 38
6 34 52
38 21 38
22 42 38
42 40 38
8 37
5 3 4
1 7 4
1 2 2
7 3 4
2 5 2
7 1 4
6 1 2
7 8 4
6 4 2
2 6 2
7 1 4
1 6 2
8 5 4
3 5 4
8 3 3
6 4 2
4 8 4
6 3 8
4 2 2
6 3 2
4 2 2
6 8 2
7 4 4
5 8 4
1 5 4
4 6 2
8 3 3
3 2 7
8 2 2
6 5 2
3 8 3
4 1 4
3 4 4
6 3 2
7 3 4
5 6 2
7 1 4
10 48
5 10 10
5 8 8
7 5 8
7 6 8
4 6 4
7 10 8
5 1 8
1 10 8
7 8 8
4 3 3
8 9 8
5 8 8
3 1 8
9 1 8
2 10 8
6 9 8
9 8 8
5 4 8
6 1 8
3 1 8
10 9 10
4 9 8
9 4 8
9 8 8
4 6 4
4 7 8
10 4 8
4 10 8
10 3 8
5 1 8
10 8 8
2 10 8
10 9 10
7 4 8
7 9 8
3 2 3
7 2 8
1 3 8
3 9 8
9 3 8
1 7 8
4 6 4
6 5 8
7 6 8
1 10 8
2 7 8
5 9 10
9 6 8
60 120
14 31 47
42 55 6
22 26 47
6 32 15
29 49 47
57 15 15
48 41 47
35 44 15
20 40 39
56 25 37
38 49 15
28 51 15
39 56 15
7 13 47
10 56 15
37 10 15
33 28 47
11 41 11
31 15 15
8 48 47
48 49 47
56 54 15
19 42 47
32 11 47
31 10 15
47 1 47
53 45 15
30 27 15
12 38 15
28 3 15
43 25 15
46 17 47
52 11 47
40 15 15
17 58 17
25 40 15
53 7 53
27 23 47
23 10 47
4 6 47
59 38 47
2 10 15
42 59 47
23 47 47
57 13 47
56 30 15
58 41 47
54 48 47
45 16 15
56 58 15
56 60 60
46 24 46
19 52 47
37 36 6
57 5 55
35 54 35
44 9 47
3 31 15
4 53 47
15 40 15
12 28 37
56 5 37
58 27 15
25 32 15
59 8 47
7 5 28
60 25 37
33 18 47
38 8 47
45 30 39
3 42 15
26 55 47
18 6 15
43 9 47
46 17 47
50 30 15
59 1 47
38 13 47
3 19 47
35 41 47
26 55 47
25 13 47
6 4 47
16 52 6
51 26 47
57 12 37
51 50 15
11 60 47
30 26 47
1 57 15
12 16 37
42 49 15
47 29 47
22 60 37
12 2 6
58 43 58
8 54 47
34 20 15
57 3 15
27 10 15
25 20 15
2 21 47
4 27 47
46 40 47
54 22 15
1 36 15
25 43 15
60 13 47
10 57 15
9 25 47
25 30 15
52 7 6
4 33 47
55 49 15
48 10 47
34 27 55
42 43 15
29 30 47
24 36 47
28 58 15
9 29
2 8 7
8 5 5
7 9 7
3 9 7
5 2 7
8 5 5
6 2 7
7 8 7
7 9 7
6 2 7
6 7 7
1 4 7
4 6 7
2 4 7
6 4 7
7 4 7
7 2 7
7 2 7
9 2 7
2 5 7
4 7 7
9 2 7
5 3 5
9 8 6
5 7 7
1 9 7
1 3 5
8 6 7
4 5 7
39 73
39 12 35
35 21 35
17 11 35
28 18 30
28 4 35
10 23 35
15 2 2
9 20 10
2 8 3
5 13 35
35 12 35
7 22 2
32 7 2
21 9 35
2 1 35
26 21 2
1 33 35
30 27 35
1 35 35
12 26 35
7 33 2
24 11 35
33 5 35
30 28 30
6 23 35
22 21 2
12 36 35
32 5 35
32 18 2
12 28 35
31 17 2
10 21 35
24 15 3
7 37 35
7 9 35
8 1 35
29 16 10
21 37 35
16 4 35
7 27 35
11 28 35
32 19 35
3 14 3
10 4 35
8 26 3
8 17 3
22 31 31
6 32 35
33 30 30
38 35 35
30 1 35
12 5 12
28 23 30
13 19 13
15 12 35
33 5 35
11 8 35
14 6 35
34 36 2
38 22 2
26 14 2
21 6 35
11 26 35
29 14 35
28 30 30
12 29 12
26 7 26
14 26 2
39 19 35
26 1 35
8 7 3
27 19 35
22 13 35
38 43
22 33 20
2 8 12
22 17 5
6 27 30
28 13 37
15 19 5
25 14 12
28 21 28
4 28 20
15 34 5
8 9 32
4 21 20
3 34 37
6 26 5
11 26 5
10 14 12
17 32 5
37 31 37
38 33 37
31 30 5
38 36 37
14 11 37
34 11 4
14 7 37
36 2 37
34 3 37
11 33 20
1 38 12
25 15 5
24 25 5
16 6 24
25 4 24
26 29 5
13 31 12
17 9 5
23 24 5
28 33 20
6 8 32
34 14 37
23 9 23
5 16 5
32 22 37
27 16 12
60 120
14 1 13
50 14 23
1 34 57
31 21 57
34 52 57
51 42 22
60 21 22
21 45 13
52 20 13
34 46 57
3 33 13
41 58 13
26 39 13
16 32 13
36 48 13
19 9 22
47 44 22
57 8 13
40 23 13
16 30 22
38 49 13
28 22 22
51 16 22
40 41 22
24 42 57
9 59 13
19 42 57
44 8 13
29 59 13
21 48 22
55 16 22
51 19 22
34 5 13
41 36 13
33 60 13
21 33 13
39 20 13
32 33 23
3 41 6
42 21 42
18 45 13
17 55 13
9 48 9
14 22 13
33 56 13
1 47 6
48 33 13
32 9 13
50 22 13
17 53 13
54 44 22
16 41 22
52 44 22
60 52 22
56 50 13
33 21 13
47 7 22
37 9 9
39 24 22
3 56 22
28 43 28
53 27 13
23 2 23
23 39 13
15 13 13
59 16 13
40 44 16
9 18 22
10 27 13
46 51 22
40 59 13
10 27 13
3 7 22
11 50 13
14 40 13
14 21 13
13 15 13
15 25 13
44 46 22
34 5 13
42 27 13
38 47 22
20 55 13
14 15 59
2 59 23
52 35 22
54 43 6
32 13 13
30 49 13
35 52 22
55 2 13
49 26 36
44 4 13
25 22 22
55 36 13
46 3 6
52 26 13
42 11 22
55 12 22
4 1 13
32 30 13
3 46 6
59 56 13
42 59 13
51 29 22
15 1 13
52 33 13
46 7 22
10 8 13
24 44 22
53 13 13
35 22 22
45 43 13
18 3 6
33 23 23
3 58 13
46 7 22
58 42 13
54 31 6
1 34 57
22 97
15 11 11
3 14 6
17 16 16
12 18 6
9 21 6
21 1 6
3 15 6
2 18 6
7 15 6
1 2 6
2 1 6
19 20 3
21 17 6
10 12 6
4 12 6
14 20 6
9 15 16
7 12 6
6 15 6
12 9 6
5 13 5
9 13 6
7 15 6
19 1 16
14 10 6
15 16 16
5 10 6
3 13 3
9 15 16
15 13 6
19 20 6
14 18 14
10 6 6
2 20 6
11 13 6
10 8 12
20 21 6
1 21 6
9 15 16
1 6 6
13 7 6
22 9 6
14 21 6
11 5 6
15 20 4
19 7 6
14 15 6
7 22 6
16 6 6
22 2 6
4 7 6
15 19 6
12 19 6
2 22 6
3 14 6
22 15 6
7 5 6
22 18 22
19 17 6
16 6 6
15 8 6
15 18 6
20 1 4
14 5 6
15 1 16
19 18 6
6 12 6
9 22 6
18 6 6
5 19 6
16 9 16
10 18 6
14 17 19
21 12 21
14 6 6
16 12 6
22 18 22
20 22 6
14 8 6
5 15 6
15 2 6
12 17 6
19 4 6
11 15 15
11 10 16
14 22 22
14 17 6
1 16 16
14 10 6
5 19 6
15 8 6
19 14 6
9 16 16
15 12 6
10 20 4
5 22 6
8 14 6
14 12
12 11 11
2 1 2
8 12 11
3 7 11
9 11 11
6 1 2
8 2 11
10 2 10
1 6 2
12 2 10
9 8 11
9 14 10
15 98
5 3 1
1 4 1
3 10 1
15 2 6
14 10 1
13 5 6
7 4 1
12 10 6
7 3 1
4 3 4
12 13 6
13 7 1
12 15 6
10 6 6
14 1 1
10 7 1
7 8 1
10 12 6
12 5 6
13 10 13
12 5 6
13 10 13
14 11 11
15 13 13
5 9 2
11 12 1
3 12 1
4 13 1
8 7 1
2 12 6
15 12 6
6 3 1
10 12 7
15 4 1
3 10 1
6 4 1
13 1 2
8 10 6
11 12 1
9 12 6
8 3 1
14 3 11
5 6 6
9 7 1
11 9 1
1 3 3
11 7 1
11 4 4
13 6 6
10 3 1
12 14 1
3 14 11
1 8 1
1 12 1
14 15 1
9 3 1
7 12 1
3 1 1
11 6 1
15 8 6
8 6 6
14 6 1
2 10 6
11 15 1
14 8 1
11 3 11
4 12 1
13 14 1
6 14 1
11 10 1
6 5 6
4 6 1
15 10 15
5 15 6
8 9 6
10 12 6
6 15 6
8 13 10
9 8 6
2 4 1
4 13 1
8 2 6
4 7 1
15 9 6
10 2 6
4 14 4
5 10 6
8 4 1
2 14 1
11 7 1
15 10 15
2 12 6
14 5 14
6 15 6
7 14 1
14 10 1
15 1 1
7 15 1
31 98
25 2 26
4 11 26
8 9 26
26 22 22
12 28 28
6 15 13
20 25 25
31 28 26
30 15 26
24 19 26
30 22 26
9 31 11
2 18 14
9 17 26
21 23 14
3 16 26
29 1 26
26 3 26
21 5 26
28 27 26
29 23 26
20 13 26
28 27 26
2 25 26
26 18 26
24 30 26
17 20 26
8 13 13
27 20 26
2 13 26
11 22 26
4 24 26
22 5 26
14 23 14
24 26 26
26 15 26
31 27 26
9 10 11
20 19 26
19 20 26
14 19 26
4 23 26
19 11 26
4 18 26
16 26 26
15 6 13
19 1 26
23 25 26
12 7 26
22 14 26
10 27 26
23 20 26
13 7 26
31 12 26
14 21 14
22 7 26
25 8 26
16 10 26
13 3 26
27 11 26
5 27 26
1 16 26
13 28 13
17 20 26
4 30 26
28 3 26
25 14 26
7 5 26
23 12 26
3 4 26
3 17 26
6 21 26
26 21 26
10 7 26
20 3 11
17 16 26
3 4 26
22 26 26
31 20 11
7 22 26
29 19 26
7 19 26
25 30 11
11 26 26
17 12 26
12 27 26
12 13 13
13 29 26
27 29 26
21 7 14
23 2 23
29 14 26
29 2 26
12 26 26
21 5 26
23 12 26
27 19 26
22 4 26
7 18
1 7 1
2 6 2
2 1 2
7 4 2
2 6 2
3 2 2
2 4 2
5 2 2
6 3 1
2 3 2
2 6 2
7 6 1
4 5 2
4 5 2
4 5 2
2 5 2
1 2 2
4 6 2
36 40
21 28 11
27 28 11
10 20 25
36 20 11
32 13 4
24 21 11
34 21 21
11 15 11
36 4 11
35 5 11
15 17 11
5 21 11
3 9 11
23 3 4
9 36 9
18 30 25
36 34 11
2 4 25
22 7 25
23 26 11
18 31 25
28 8 11
19 23 25
6 27 11
21 23 4
25 20 25
19 27 25
26 29 11
19 27 25
7 25 25
31 32 32
23 32 23
3 13 4
8 26 11
4 31 4
34 36 11
8 31 11
11 15 11
25 36 34
19 24 11
3 1
1 2 3
52 18
40 42 18
36 34 45
1 11 18
31 33 45
35 30 45
14 4 7
15 8 18
48 10 45
8 49 37
18 35 45
21 22 37
13 31 45
45 4 45
44 24 45
23 42 18
24 3 45
17 10 45
28 11 18
43 13
43 8 25
40 24 25
30 33 25
24 28 27
17 38 25
27 13 25
6 38 25
28 35 27
8 18 25
34 15 25
3 14 25
36 20 25
12 26 9
51 85
33 47 11
19 35 19
12 51 51
16 9 11
16 21 11
39 13 11
38 22 9
22 6 11
37 6 11
27 32 11
43 44 11
12 44 11
12 30 11
31 40 11
3 25 11
19 33 15
3 31 11
41 31 11
48 49 41
7 24 11
48 11 11
3 43 11
10 14 11
37 24 11
45 44 3
46 13 11
13 31 11
22 2 11
16 14 11
45 9 9
10 38 11
40 2 11
18 22 11
21 38 41
34 6 11
14 26 15
45 14 11
26 42 15
15 20 11
31 16 8
17 19 11
5 3 11
39 33 11
1 43 11
26 15 15
9 27 9
34 5 11
16 19 11
34 15 11
33 5 11
49 34 41
2 48 11
43 32 15
31 8 8
48 45 9
35 48 11
8 5 11
17 44 3
31 19 11
25 4 15
48 41 41
31 41 11
20 10 11
13 33 11
7 43 11
39 44 11
3 45 3
13 40 11
34 43 11
49 41 41
12 41 11
16 49 11
26 24 26
28 26 11
5 40 11
5 17 11
28 40 11
51 17 11
17 50 11
39 45 11
42 9 11
14 1 11
50 25 15
40 39 11
43 3 11
46 86
19 5 27
46 34 37
4 41 37
25 42 27
10 15 27
28 24 37
9 20 27
5 6 37
2 28 27
38 6 27
28 39 27
15 7 37
25 22 25
23 21 27
32 41 27
33 2 10
36 1 37
23 9 27
15 19 27
12 40 37
35 33 10
12 20 37
30 32 27
2 40 27
24 38 27
10 15 27
36 32 27
23 29 27
34 2 27
39 1 27
9 4 27
45 18 10
34 23 27
20 4 37
29 39 27
43 42 27
9 38 27
43 12 27
17 40 37
31 22 27
8 42 27
18 17 27
21 27 27
44 39 27
33 35 10
27 41 27
38 10 27
2 19 27
22 23 27
14 46 37
8 31 27
41 43 27
32 16 27
33 9 10
15 26 27
14 22 27
30 5 27
38 9 27
5 40 37
31 33 27
41 17 37
9 12 27
33 9 10
22 31 27
27 14 27
30 46 27
21 14 37
25 8 27
30 29 10
9 38 27
4 21 37
20 38 27
43 24 27
7 27 27
41 37 37
10 11 27
30 14 27
11 35 27
2 40 27
3 33 27
20 16 27
3 21 27
29 41 27
8 11 27
29 45 10
12 14 37
60 116
1 3 1
1 4 1
2 3 2
2 4 2
3 5 3
3 6 3
4 5 4
4 6 4
5 7 5
5 8 5
6 7 6
6 8 6
7 9 7
7 10 7
8 9 8
8 10 8
9 11 9
9 12 9
10 11 10
10 12 10
11 13 11
11 14 11
12 13 12
12 14 12
13 15 13
13 16 13
14 15 14
14 16 14
15 17 15
15 18 15
16 17 16
16 18 16
17 19 17
17 20 17
18 19 18
18 20 18
19 21 19
19 22 19
20 21 20
20 22 20
21 23 21
21 24 21
22 23 22
22 24 22
23 25 23
23 26 23
24 25 24
24 26 24
25 27 25
25 28 25
26 27 26
26 28 26
27 29 27
27 30 27
28 29 28
28 30 28
29 31 29
29 32 29
30 31 30
30 32 30
31 33 31
31 34 31
32 33 32
32 34 32
33 35 33
33 36 33
34 35 34
34 36 34
35 37 35
35 38 35
36 37 36
36 38 36
37 39 37
37 40 37
38 39 38
38 40 38
39 41 39
39 42 39
40 41 40
40 42 40
41 43 41
41 44 41
42 43 42
42 44 42
43 45 43
43 46 43
44 45 44
44 46 44
45 47 45
45 48 45
46 47 46
46 48 46
47 49 47
47 50 47
48 49 48
48 50 48
49 51 49
49 52 49
50 51 50
50 52 50
51 53 51
51 54 51
52 53 52
52 54 52
53 55 53
53 56 53
54 55 54
54 56 54
55 57 55
55 58 55
56 57 56
56 58 56
57 58 57
58 59 58
59 60 59
60 57 60
60 120
12 15 3
4 26 58
17 24 3
56 40 12
47 22 3
60 57 3
23 45 3
60 4 58
37 28 52
60 52 52
47 5 3
44 10 52
45 22 3
18 21 3
46 18 3
49 40 52
43 19 19
3 14 3
34 56 48
59 8 48
9 17 3
11 39 3
10 12 3
39 6 3
50 24 58
18 54 3
39 54 3
13 5 5
12 37 3
48 32 3
58 60 58
54 51 58
13 5 5
54 36 48
48 20 48
15 29 52
12 46 3
44 48 48
6 52 52
16 6 52
7 11 3
43 10 48
14 55 14
11 36 3
7 8 48
32 23 3
45 36 3
57 55 3
56 44 48
21 16 58
57 32 3
37 23 52
40 27 3
28 20 52
55 29 3
33 52 52
28 24 58
25 38 48
2 45 3
14 55 14
52 42 52
12 3 3
4 22 3
3 47 3
16 25 48
14 22 9
39 9 30
35 17 3
20 9 3
30 11 3
51 23 51
7 60 58
37 35 29
31 39 3
42 17 3
32 25 3
46 58 3
22 54 3
25 3 3
8 17 3
9 3 3
40 32 3
7 59 58
30 20 52
40 50 52
28 35 52
2 25 48
38 47 3
60 49 58
35 41 29
31 48 48
6 12 3
54 40 52
41 33 52
59 28 58
33 47 3
15 13 52
43 14 3
58 34 58
20 37 52
56 33 48
30 37 52
20 48 48
60 34 58
24 13 52
25 34 48
38 59 48
41 11 3
40 22 3
50 47 3
57 43 39
43 16 48
34 60 58
19 56 19
50 31 52
21 57 3
33 57 3
11 58 3
6 31 29
11 32 3
22 26
19 6 21
17 1 1
12 13 21
9 10 21
11 22 1
16 11 1
4 21 21
12 17 21
4 13 1
15 1 1
19 4 1
14 8 4
16 5 21
21 6 21
5 22 21
11 13 20
10 21 21
10 20 21
13 19 1
21 18 21
2 21 21
3 18 1
14 15 1
11 16 1
19 8 1
15 22 1
60 120
55 42 25
45 22 25
46 6 4
1 11 25
30 33 25
35 5 25
25 20 25
25 23 25
43 51 4
37 58 9
34 49 9
19 34 45
27 6 4
35 48 4
47 36 25
17 30 25
1 59 25
23 21 25
49 48 4
60 6 4
58 8 4
51 47 25
17 5 17
8 50 4
32 19 4
56 25 25
17 25 25
3 10 25
34 57 9
17 45 25
60 26 25
13 27 25
31 20 4
26 24 25
42 35 4
46 4 4
8 27 4
21 9 25
12 30 4
60 35 35
2 60 4
32 6 32
52 58 9
38 19 25
34 14 25
29 47 25
7 57 7
5 38 17
54 56 4
12 4 4
29 30 4
29 35 4
53 3 25
47 22 25
41 54 25
52 24 4
11 44 25
16 38 17
43 9 9
37 4 4
56 18 25
46 36 36
43 13 25
30 13 25
4 10 4
27 29 9
46 14 25
53 42 25
33 2 25
58 60 4
33 15 25
9 41 25
42 1 4
49 23 9
47 43 25
9 57 9
17 60 25
8 58 4
23 52 9
7 4 4
48 35 4
51 34 4
42 48 4
25 21 25
31 51 4
13 39 25
13 53 13
27 21 25
54 42 4
38 40 55
59 42 25
44 56 4
53 30 25
41 8 25
28 22 25
5 11 25
16 17 17
11 3 25
50 59 25
25 33 25
38 2 25
4 59 25
1 19 4
32 50 4
54 13 25
9 52 9
3 39 25
26 46 25
28 42 25
18 48 25
7 2 2
41 6 25
32 4 4
22 35 25
28 20 25
7 3 25
47 58 25
21 34 25
8 20 8
51 5 25
15 89
15 7 8
7 5 5
4 10 8
5 7 5
6 7 8
11 2 8
10 7 8
10 14 8
1 6 13
6 12 13
11 1 1
10 5 5
12 9 12
6 7 8
1 6 13
8 14 8
4 2 8
15 9 8
9 14 9
1 2 8
2 11 8
9 14 9
1 12 13
11 12 13
5 11 5
12 7 8
10 6 8
12 15 8
15 14 8
1 5 5
12 11 13
4 11 8
13 4 8
9 10 8
13 3 13
3 2 8
14 7 8
15 11 8
8 12 8
5 12 5
8 11 8
6 10 8
14 12 12
15 10 8
8 10 8
2 4 8
8 4 8
8 15 8
10 11 8
11 9 13
11 8 8
12 4 8
11 15 8
6 12 13
12 13 13
3 5 5
8 12 8
15 5 5
7 11 8
2 13 8
10 7 8
7 11 8
1 15 8
4 7 7
7 11 8
2 5 5
9 3 13
6 9 13
14 10 8
11 14 13
1 14 13
13 8 8
4 13 8
9 4 8
6 4 8
5 14 5
7 12 8
15 8 8
9 8 8
10 8 8
11 12 13
6 13 13
1 8 8
10 4 8
13 9 13
10 8 8
10 9 8
9 4 8
6 12 13
36 12
31 26 11
14 10 28
6 34 28
17 26 28
31 21 28
21 33 24
19 5 28
19 21 26
1 2 28
9 22 26
22 10 28
33 34 18
60 120
5 14 14
23 11 14
56 26 14
17 48 14
20 36 14
59 34 14
50 11 50
44 29 14
52 56 14
52 23 14
51 56 14
12 10 1
47 5 14
16 41 1
43 28 14
3 35 7
47 32 4
7 5 14
55 25 14
19 4 4
31 2 45
18 36 14
3 31 14
3 38 7
30 6 7
20 39 14
60 38 4
17 6 14
1 7 14
52 5 14
41 27 1
28 52 14
12 8 53
16 31 53
53 11 14
18 20 1
41 29 14
38 19 4
7 21 14
34 11 7
30 23 14
21 35 14
27 19 14
3 22 7
46 20 14
24 29 14
26 44 14
26 53 14
16 54 14
5 58 14
10 26 14
18 60 14
34 7 7
15 29 14
17 53 53
42 52 14
45 19 14
31 35 14
54 21 14
13 34 14
6 10 14
21 58 14
38 52 7
48 54 7
30 54 7
43 40 7
30 40 7
55 56 1
24 2 1
12 27 53
50 23 14
43 5 14
31 20 1
10 44 14
30 2 14
40 58 7
52 47 7
27 2 53
53 49 14
31 51 14
55 24 1
54 27 14
16 4 14
16 8 53
26 20 14
54 22 7
50 16 14
32 19 4
3 55 14
37 32 14
58 25 4
51 19 14
45 6 14
5 31 14
34 48 7
18 24 1
43 13 14
57 41 14
12 30 14
17 25 14
58 60 4
48 41 14
56 2 1
34 60 4
58 13 14
32 41 14
28 10 1
47 31 14
21 47 14
44 31 14
29 22 14
27 54 14
5 11 14
5 24 14
16 42 53
24 45 1
29 6 14
35 59 14
45 47 14
60 30 4
42 13
16 12 11
21 5 11
38 35 11
34 32 11
19 40 19
10 19 27
32 6 27
26 15 27
14 42 27
13 22 27
34 20 11
39 40 26
35 7 27
23 48
3 11 2
12 15 2
4 23 4
9 16 4
18 21 1
13 4 2
17 20 4
11 13 2
13 18 2
17 22 2
5 18 2
22 11 1
3 2 2
9 7 2
8 15 1
23 13 2
16 18 2
10 8 2
5 7 2
10 3 2
7 12 2
13 6 2
18 15 15
18 13 2
17 8 2
10 5 2
8 18 1
18 3 2
8 6 2
14 3 4
4 21 2
2 14 2
10 12 10
12 20 2
13 6 2
13 2 2
6 21 2
19 10 10
15 20 2
22 8 1
8 17 2
2 9 2
17 8 2
22 6 2
18 15 15
12 3 2
18 4 2
3 10 2
56 113
49 19 35
3 13 35
30 2 28
25 27 35
25 34 35
14 22 28
5 11 35
15 29 35
21 34 35
30 23 35
56 35 35
54 8 28
36 39 36
52 3 33
19 38 35
14 16 28
43 31 35
53 56 53
15 26 35
44 11 28
49 37 35
32 56 7
42 51 35
39 5 35
53 22 53
11 51 35
49 13 35
14 19 28
38 6 35
38 18 35
4 29 35
8 48 28
17 50 17
45 20 35
41 15 35
41 49 38
5 55 35
41 21 35
7 48 7
34 20 7
2 33 35
47 40 28
19 20 7
25 12 35
12 37 7
14 43 35
22 8 28
36 30 28
28 22 28
12 11 53
44 16 28
49 38 38
38 42 38
48 51 35
44 1 35
16 17 35
43 5 35
9 56 35
30 7 7
14 27 28
15 35 35
5 55 35
32 39 7
35 17 35
3 2 35
10 20 35
55 21 35
20 24 7
28 21 35
38 43 35
51 38 35
24 12 28
16 41 35
2 18 7
42 38 38
38 25 35
23 18 35
18 36 7
2 50 35
44 43 35
47 54 28
38 47 35
43 14 35
9 49 33
54 48 44
27 14 28
34 39 53
3 45 35
11 13 35
49 38 38
22 25 35
49 12 35
52 1 52
38 20 35
46 41 38
24 19 8
23 50 35
32 44 7
15 20 35
25 7 35
45 35 35
15 50 35
49 28 35
48 12 28
1 9 1
39 4 28
3 49 10
14 46 35
45 40 35
17 37 35
1 37 35
7 2 7
13 6 35
31 100
23 29 23
25 20 23
4 14 22
18 23 23
14 26 22
24 28 23
30 13 23
26 8 22
18 20 23
24 17 23
1 25 23
25 19 23
4 1 22
25 18 8
28 2 23
22 21 22
26 2 22
24 5 23
28 7 23
18 19 31
3 28 23
28 26 22
26 5 22
31 19 31
6 2 23
23 5 23
23 5 23
30 4 22
16 7 22
12 21 21
26 18 22
7 18 23
7 4 22
14 21 22
25 9 22
12 8 22
10 16 22
9 24 22
23 18 23
3 15 23
14 24 23
18 24 31
31 13 23
9 1 22
27 17 27
29 4 22
24 14 23
9 1 22
28 29 23
21 16 21
4 19 22
10 9 22
6 15 1
30 8 23
26 4 1
20 6 26
10 28 23
18 28 24
8 2 23
5 4 22
11 1 31
4 21 21
1 20 23
14 6 23
13 5 13
23 24 23
19 7 23
27 5 3
15 21 22
22 20 22
4 2 22
22 12 22
21 31 22
6 7 23
6 11 23
27 2 23
29 5 23
14 17 17
4 8 22
17 14 17
14 18 23
9 15 22
31 28 23
13 2 23
8 30 23
5 31 23
27 1 23
3 23 23
5 12 22
6 19 23
29 14 23
16 10 22
29 12 22
22 17 22
29 2 26
19 6 23
20 7 23
19 10 31
19 10 23
19 27 23
47 39
35 14 20
8 1 20
10 42 20
12 42 20
43 31 20
17 36 20
7 37 46
9 41 46
7 21 46
13 30 46
40 24 20
47 35 20
30 8 20
4 8 20
20 15 20
47 44 20
28 46 20
45 14 20
40 46 46
7 10 20
34 4 20
16 10 16
40 16 20
1 6 20
16 26 20
40 46 46
25 41 20
23 14 20
11 32 46
12 20 20
12 9 20
25 11 20
24 14 20
3 17 20
12 32 20
7 33 20
47 22 20
29 39 46
1 6 20
59 40
4 5 47
43 59 40
58 3 58
22 39 40
48 31 40
42 35 40
21 52 40
50 59 40
55 51 40
4 41 40
6 10 40
49 2 2
13 32 40
39 51 40
7 46 2
57 21 40
20 58 58
54 1 40
10 21 40
11 29 47
42 55 15
33 22 40
27 25 58
30 38 40
17 7 40
28 30 47
40 2 40
28 4 47
54 57 40
26 24 40
25 11 40
4 56 40
56 58 58
53 21 40
18 10 40
12 10 47
23 9 16
34 45 40
48 3 40
14 8 47
60 120
1 15 17
30 35 14
37 56 14
35 36 45
8 11 14
22 3 14
55 23 14
50 9 53
5 21 22
43 17 14
41 5 14
48 8 14
40 4 45
9 2 14
7 53 14
28 9 14
44 25 14
55 6 14
21 7 39
43 38 39
52 16 14
41 45 45
35 58 45
12 40 45
6 26 14
4 29 14
27 11 14
56 13 14
33 39 14
49 30 14
52 14 14
7 56 30
1 19 14
40 5 14
49 51 17
15 25 14
58 24 45
5 42 14
35 22 14
3 36 14
51 26 14
17 37 14
7 30 30
20 21 14
33 55 14
43 52 14
18 11 14
45 39 14
47 20 14
54 51 14
5 31 14
18 4 14
10 54 14
39 11 39
33 10 45
48 55 48
18 29 17
60 47 14
48 20 14
23 51 14
4 33 45
38 46 14
46 50 14
13 34 14
24 36 47
33 7 14
28 1 14
15 50 14
20 5 14
17 59 14
37 60 14
54 58 14
43 30 39
40 34 14
20 45 14
39 33 14
26 14 14
31 3 14
38 56 38
50 38 14
27 29 27
56 53 14
26 43 39
58 54 14
8 56 14
12 26 14
21 44 14
13 50 14
57 51 14
41 39 14
4 16 14
2 10 45
23 25 14
26 5 39
6 28 14
41 60 14
54 23 14
29 59 14
58 32 14
58 54 14
48 17 14
4 8 45
27 53 14
33 19 14
6 55 14
28 45 14
13 25 14
9 14 14
44 10 45
27 24 14
35 12 45
25 44 14
47 19 14
34 40 14
21 55 57
16 9 14
41 23 41
57 17 14
13 28 14
38 6 14
47 27
10 47 3
30 43 3
25 31 3
25 20 3
3 26 3
16 41 35
24 35 35
2 23 35
45 6 3
43 7 35
4 29 9
12 18 3
13 44 3
39 47 39
44 28 3
27 17 3
34 30 34
39 17 3
30 16 3
5 7 3
9 1 35
46 38 3
40 39 3
40 45 41
27 24 36
8 3 23
6 5 3
31 32
2 1 9
10 19 9
20 7 5
18 8 19
12 25 9
2 25 20
30 2 2
28 16 5
13 19 19
21 4 5
7 9 9
20 9 9
21 27 9
21 7 5
30 6 9
5 1 9
6 2 9
17 27 9
2 6 9
1 3 3
9 24 9
17 10 5
7 12 9
1 26 9
24 11 5
9 7 9
29 5 5
20 15 20
8 1 19
7 4 5
14 26 9
31 3 9
47 72
32 16 2
28 39 2
2 45 2
42 5 26
13 42 26
6 31 26
11 42 26
8 3 17
47 20 26
16 11 26
15 39 8
41 23 26
25 32 26
12 20 34
3 23 26
17 2 26
47 10 26
4 22 26
18 35 26
34 16 2
7 25 26
45 43 2
47 25 42
1 21 26
13 27 13
36 19 6
29 31 26
32 11 26
23 12 26
29 41 2
6 30 40
39 29 8
15 5 26
28 32 2
26 43 26
37 11 26
25 12 26
16 1 35
38 9 43
38 40 2
36 22 2
38 35 26
24 37 26
7 17 15
25 23 33
16 25 28
29 3 2
32 21 26
16 45 2
2 37 2
31 3 11
3 6 2
45 13 26
33 15 34
34 35 26
16 47 26
4 28 26
44 41 2
26 14 26
35 41 26
6 28 2
35 28 26
14 39 2
44 21 21
9 15 34
44 12 26
19 46 2
43 11 26
3 21 45
38 42 34
16 45 2
2 26 26
32 108
19 12 22
11 7 3
29 7 22
18 26 18
15 3 3
15 20 22
28 19 18
26 28 18
24 20 22
8 28 18
25 6 22
25 23 22
5 11 18
27 23 30
15 12 22
10 5 18
17 3 18
9 4 9
14 16 22
16 8 22
20 32 22
12 18 18
22 6 22
3 8 3
30 2 18
4 30 30
2 12 18
4 31 22
26 28 18
12 17 18
4 21 30
31 7 32
16 30 22
6 19 9
24 20 22
11 17 18
20 31 22
31 5 18
18 10 18
5 24 18
6 2 18
16 3 3
4 8 22
25 2 18
20 13 20
15 21 30
26 2 18
4 17 18
13 6 22
3 5 18
9 10 22
32 24 32
23 27 30
5 4 18
3 1 3
6 24 22
21 31 22
18 14 18
20 32 22
25 32 22
23 16 22
14 6 30
15 2 18
29 12 22
31 28 18
9 20 22
19 22 22
17 25 18
3 2 18
16 27 22
5 18 18
29 17 18
26 12 18
11 12 3
4 20 22
12 22 22
20 9 22
14 10 22
7 18 18
11 19 3
3 32 3
4 14 30
31 28 18
18 20 18
26 19 18
19 22 22
2 4 18
23 3 3
15 21 30
19 27 19
25 24 22
4 15 9
19 7 22
30 6 30
11 26 18
6 28 18
9 31 22
10 23 22
3 2 18
5 29 18
32 11 3
11 2 18
3 21 3
22 18 18
26 32 18
31 15 22
13 12 22
9 14 30
47 96
20 16 44
24 13 39
31 26 26
25 26 26
16 1 44
13 12 39
44 21 44
38 33 38
7 27 38
10 21 39
37 5 26
40 36 39
25 46 39
17 36 39
13 32 39
26 2 38
39 10 39
9 36 39
37 38 38
29 18 39
17 27 38
26 21 39
4 22 44
28 39 39
25 19 26
1 16 44
24 40 40
24 36 39
20 40 12
46 18 39
10 3 26
30 26 26
42 26 26
19 36 39
32 22 38
14 4 44
19 3 26
23 25 38
3 38 38
23 2 38
19 23 38
3 45 9
20 13 39
25 19 26
22 10 38
43 4 44
22 45 38
9 16 44
28 45 26
16 43 44
18 30 26
39 19 39
7 13 39
20 6 20
27 3 38
3 34 26
1 30 26
42 45 26
19 27 38
15 7 38
28 5 26
43 36 39
8 45 26
42 47 39
15 18 38
6 13 39
30 46 39
31 10 10
11 5 11
11 44 44
6 30 26
14 47 26
21 27 39
28 25 26
3 7 26
5 44 44
22 17 38
21 43 39
1 21 39
34 24 18
29 22 39
41 32 32
41 10 26
6 39 39
37 40 26
23 28 38
12 8 26
3 12 12
2 6 38
40 20 26
41 32 32
19 25 26
47 18 39
12 19 26
3 39 39
38 22 38
39 45
18 3 14
5 29 29
6 36 14
12 7 7
15 22 7
30 5 14
21 37 14
19 10 14
23 9 23
37 19 14
5 22 29
13 12 29
38 32 14
20 26 18
9 36 14
14 1 14
11 26 18
23 12 29
38 19 28
17 38 14
26 39 39
3 18 14
13 15 7
15 38 14
1 6 14
23 31 14
14 26 14
2 10 14
19 20 14
6 29 14
1 29 14
2 15 14
4 32 14
20 2 14
28 12 14
22 1 14
21 14 14
36 21 14
1 7 14
35 6 14
15 19 14
25 8 33
5 8 14
22 7 7
27 2 14
19 115
3 14 6
9 2 16
14 13 16
13 2 16
16 10 16
13 1 16
4 1 1
18 3 6
15 18 6
18 4 6
4 7 16
2 11 16
19 2 3
9 12 16
3 12 16
8 16 16
1 14 1
12 14 16
15 12 16
10 13 12
6 12 16
6 15 6
5 10 16
12 7 16
19 13 16
7 11 16
6 7 16
14 3 6
4 5 6
7 15 16
17 8 16
5 8 16
15 5 6
5 15 6
9 13 16
15 3 6
4 10 16
18 4 6
16 11 16
14 7 16
13 18 16
18 1 6
16 3 16
15 5 6
14 11 16
6 18 6
13 11 12
2 8 16
18 19 6
17 3 16
19 7 16
18 7 16
19 18 6
12 5 16
12 7 16
2 8 16
13 1 16
1 14 1
7 16 16
16 19 16
3 6 6
5 12 16
14 3 6
7 16 16
3 12 16
18 14 6
13 3 16
13 17 16
14 11 16
19 11 16
3 14 6
2 19 3
11 3 16
6 11 16
12 5 16
14 17 16
12 9 16
10 17 16
9 17 16
1 18 6
15 7 16
8 4 16
7 10 16
10 16 16
6 11 16
2 7 16
10 7 16
5 16 16
11 7 16
9 14 16
5 2 5
13 8 12
16 17 16
6 17 16
5 17 16
4 16 16
1 16 16
2 5 5
18 8 16
6 3 6
4 19 6
6 11 16
8 15 16
4 9 16
15 3 6
12 13 12
7 19 16
17 1 16
5 9 16
16 1 16
16 12 16
13 12 12
9 16 16
19 5 5
12 8 12
42 49
13 21 4
31 41 16
31 4 16
27 29 17
4 21 4
28 7 17
2 7 17
24 15 16
41 37 4
4 33 4
18 27 4
25 42 17
32 15 16
33 10 4
30 17 17
17 20 17
6 41 4
34 8 17
31 13 16
27 30 4
16 23 16
15 24 16
7 31 16
9 4 7
21 23 4
34 33 7
8 14 17
15 20 16
14 34 7
36 3 36
10 30 4
1 6 4
26 1 4
11 7 16
29 13 17
19 31 31
29 3 17
5 2 17
9 14 7
1 22 4
7 22 7
8 7 17
9 7 7
17 8 17
29 33 17
39 30 14
14 1 4
35 10 4
40 6 17
17 105
17 5 11
9 17 9
14 7 7
16 9 7
11 1 9
13 2 7
14 11 7
10 9 7
17 6 7
7 1 7
15 4 9
15 16 7
12 16 7
4 3 5
15 10 7
1 6 7
8 2 7
1 7 7
2 4 7
1 7 7
12 6 12
6 12 12
6 11 7
17 6 7
6 10 12
9 14 14
17 11 9
11 2 7
10 5 7
14 11 7
11 15 9
16 10 8
1 11 9
1 8 7
14 16 14
17 14 7
1 13 7
4 17 9
4 14 7
13 9 7
15 1 15
1 13 7
7 13 7
10 8 7
5 10 7
3 17 9
6 16 7
17 12 7
13 15 7
11 16 7
13 8 7
16 9 7
8 12 7
6 16 7
3 4 4
17 4 9
3 16 7
7 5 7
8 16 13
7 12 7
8 11 7
5 10 7
2 1 7
3 16 7
16 4 7
15 11 9
7 5 7
9 12 7
17 11 9
1 12 7
5 11 9
12 8 7
13 10 10
4 2 7
4 10 7
5 15 7
12 4 7
3 11 11
3 16 7
5 6 7
3 11 11
17 6 7
7 3 7
11 8 7
7 1 7
3 13 7
4 5 7
16 2 2
7 9 7
1 7 7
9 17 9
12 1 7
8 7 7
14 16 14
14 1 7
10 1 7
2 4 5
8 10 7
9 12 7
13 5 4
15 12 7
9 11 9
13 4 7
5 17 7
7 5 7
47 11
20 1 20
27 2 41
33 27 34
6 21 5
26 13 41
42 7 34
7 43 34
22 43 5
18 25 5
32 34 5
35 44 4
39 71
32 27 27
26 4 27
37 22 37
35 29 27
36 24 27
15 11 27
30 4 27
26 30 32
26 14 32
18 30 27
16 28 27
31 28 27
1 32 27
26 35 34
10 29 27
31 10 27
35 1 27
35 4 27
37 16 27
34 6 27
4 8 27
14 24 34
4 12 27
8 19 39
11 37 27
17 30 27
4 29 17
17 13 27
16 27 27
27 30 27
34 28 27
34 8 27
10 20 27
27 13 27
33 8 27
11 10 27
32 20 27
35 12 27
7 30 27
34 10 27
37 11 27
36 13 27
24 25 27
2 30 27
5 28 27
27 5 27
10 9 27
17 5 17
6 11 27
22 25 27
31 6 6
27 14 1
16 32 27
6 26 27
28 16 27
2 33 17
9 15 27
31 3 27
9 7 27
20 5 5
1 11 27
25 22 27
21 35 27
25 33 21
19 12 12
31 26 27
27 17 27
35 22 27
17 31 17
27 19 27
17 33 17
19 83
19 16 7
10 18 18
17 16 7
14 4 7
9 8 7
13 9 7
19 4 7
16 7 7
4 19 7
16 18 7
15 9 15
9 13 7
13 14 7
18 16 7
1 10 18
16 7 7
16 6 4
7 5 7
9 10 7
18 12 7
15 11 7
2 11 2
17 10 2
4 18 7
1 17 2
8 4 7
16 12 4
15 14 7
15 9 15
6 17 7
2 14 13
6 1 7
10 2 2
18 14 2
3 13 16
10 14 2
6 2 7
13 6 7
18 12 4
17 14 14
2 3 7
2 18 2
6 13 7
12 9 4
6 10 7
14 1 2
18 17 2
7 13 7
9 11 7
11 13 7
15 10 7
16 2 7
8 18 18
11 2 2
9 6 4
5 8 7
15 14 7
13 11 7
13 14 7
16 15 4
9 3 19
4 5 7
18 1 18
16 18 7
19 4 7
11 6 7
16 19 7
17 7 7
19 16 7
11 1 2
19 5 7
13 15 7
8 12 7
13 6 7
12 18 7
1 3 7
4 3 4
9 17 7
9 2 7
11 19 2
19 7 7
1 5 7
12 16 4
33 105
33 20 13
4 2 13
4 14 13
25 27 27
20 31 20
15 8 13
24 17 13
8 11 13
1 32 7
2 10 13
7 10 13
16 11 13
32 15 13
31 7 18
7 22 20
21 5 13
15 1 13
14 24 13
15 1 13
15 27 13
12 26 13
3 26 13
11 7 18
28 25 13
6 29 13
15 11 13
21 7 13
8 25 13
26 27 27
32 10 13
21 25 13
9 6 13
13 4 13
6 21 13
26 28 13
3 2 13
32 13 13
26 21 13
15 13 13
9 32 18
29 16 13
24 23 20
2 23 13
28 4 13
19 12 18
3 31 20
14 28 13
23 26 13
27 31 13
19 24 20
8 29 13
28 27 13
2 19 13
13 30 13
2 28 13
24 28 13
5 28 13
32 33 13
19 3 20
31 1 18
14 20 13
19 10 13
18 16 13
15 19 13
7 6 13
21 3 13
14 30 13
31 4 13
32 21 13
7 25 13
26 4 13
17 30 13
18 17 9
1 6 13
28 19 13
14 5 13
28 11 13
18 26 13
21 12 13
29 22 20
23 19 20
3 24 20
31 19 18
4 20 13
7 3 20
15 17 13
4 27 13
16 3 13
19 4 13
13 25 13
16 17 13
18 9 18
33 21 13
9 1 18
19 32 18
32 5 13
15 14 14
24 33 13
22 29 20
28 32 13
29 22 20
27 28 13
31 11 18
24 3 20
14 33 13
42 44
37 20 30
11 40 30
36 38 30
26 10 30
24 16 30
11 38 30
5 18 30
27 30 30
9 12 30
5 9 9
13 20 28
12 41 30
16 30 30
39 31 24
27 2 28
2 20 28
39 35 9
26 36 30
31 1 9
40 15 30
19 12 30
28 39 28
11 17 9
41 22 30
41 36 30
37 1 30
2 41 30
13 33 30
31 37 30
40 29 30
35 33 30
29 19 37
4 13 28
12 32 30
36 29 30
3 2 28
38 40 30
28 36 30
22 27 32
11 39 9
26 17 30
14 15 30
29 16 37
13 35 28
60 120
58 19 43
1 31 43
11 23 30
23 25 30
13 30 30
22 50 43
26 56 43
15 51 30
22 47 43
57 55 30
60 15 43
1 21 43
22 4 43
60 41 43
27 8 43
1 31 43
45 50 30
26 25 20
45 19 35
11 37 30
51 12 20
45 57 30
20 53 43
14 25 30
26 36 30
31 24 43
48 11 30
60 22 43
33 25 43
60 54 43
3 1 43
23 21 30
53 21 43
9 17 43
55 7 43
54 43 43
38 43 43
6 29 30
39 35 30
40 32 35
2 9 43
4 23 30
49 60 43
34 37 30
48 42 34
42 14 34
20 39 30
8 34 34
2 28 43
43 48 43
2 44 43
4 35 30
18 2 43
37 60 43
38 45 30
44 50 30
3 2 43
43 28 43
14 9 43
39 38 34
16 11 30
27 44 43
9 40 43
44 45 30
47 15 30
56 16 43
49 37 30
4 50 30
46 29 43
55 1 43
37 22 43
23 26 30
53 47 43
57 39 34
36 17 43
54 18 30
25 16 30
42 48 34
11 38 30
10 54 43
17 54 43
19 42 30
53 30 43
3 46 3
28 5 43
52 51 30
56 14 43
8 28 43
40 55 30
17 34 43
38 43 43
47 20 20
13 28 43
18 1 43
32 8 30
53 17 43
13 24 43
27 57 43
55 21 30
29 21 34
40 60 43
45 5 30
58 27 27
32 38 30
33 32 43
37 16 30
39 14 34
3 16 30
23 21 30
50 16 30
3 48 30
22 19 43
52 34 30
2 4 43
24 35 43
38 52 30
31 53 43
24 14 43
29 2 43
58 8 43
41 74
8 32 41
38 13 41
35 27 13
8 17 13
28 7 41
3 16 41
4 3 41
35 30 30
27 12 41
10 14 40
37 10 41
25 28 41
35 24 41
7 8 13
23 25 13
8 21 13
4 22 41
18 24 41
36 8 41
11 32 41
10 11 41
35 18 41
30 16 13
22 39 41
13 23 13
11 36 41
12 34 41
1 33 39
18 1 40
16 27 13
11 27 41
13 33 41
26 36 41
11 37 34
26 25 41
18 26 40
15 9 41
21 26 41
5 2 39
10 18 40
35 8 13
29 2 29
39 33 39
18 19 41
40 2 40
39 21 41
8 20 41
33 21 41
37 12 41
9 4 9
1 29 39
4 26 40
15 23 41
39 28 39
36 39 41
13 17 13
19 15 41
15 32 41
9 5 9
21 41 41
26 1 40
29 26 40
17 1 41
7 32 41
37 7 41
37 41 41
16 21 13
34 12 41
29 24 41
9 23 41
23 37 41
12 27 41
19 26 41
7 2 41
