Case #1: 8 10 9 7 10 9 10 0 10 8
Case #2: 19 21 15 19 41 19 5 19 19 19 19 34 33 19 19 32 28 21 33 32 32 19 32 33 19 33 19 19 32 19 19 33 0 19 19 32 15 6 19 28 19 19 19
Case #3: Impossible
Case #4: Impossible
Case #5: 43 43 30 30 30 30 43 34 43 43 30 20 30 34 30 30 43 30 35 30 34 43 30 43 20 20 43 43 34 43 43 35 43 30 30 30 30 34 34 35 43 34 0 30 35 3 20 34 30 30 20 30 43 30 30 43 34 27 43 43
Case #6: 0 1 1 1 52 1 1 1 4 1 1 52 1 1 1 1 1 1 1 4 52 4 52 1 4 1 4 1 1 4 1 1 1 1 8 1 52 1 4 4 1 15 1 1 1 1 52 1 1 8 1 1 1 1 4
Case #7: 7 32 6 7 7 7 0 7 7 12 7 7 7 2 25 25 7 26 32 7 15 8 32 22 7 25 7 7 8 8 5 25
Case #8: Impossible
Case #9: Impossible
Case #10: 35 35 0 35 12 35 26 35 10 35 35 35 35 2 2 10 2 2 13 10 2 31 30 35 3 2 35 30 12 35 2 2 2 2 3 2 35 2 35
Case #11: 45 0 13 2 45 45 45 45 7 2 45 28 45 13 2 2 7 7 2 45 2 45 2 45 45 2 2 2 2 2 45 1 45 2 45 45 7 45 45 45 45 2 7 25 2 25
Case #12: 11 0 2 7 2 7 2 7 2 1 7 6
Case #13: 15 33 16 2 15 15 0 15 22 19 35 22 37 35 7 35 35 15 35 15 33 19 33 35 35 15 18 15 37 19 35 33 15 35 7 35 19 15 19 7 18 35
Case #14: 28 0 45 28 45 45 45 45 45 2 28 39 23 2 28 28 2 2 2 28 2 28 28 28 45 28 2 2 28 6 45 28 28 4 28 45 45 45 28 45 28 28 4 28 2
Case #15: 5 5 5 10 10 7 5 7 6 0
Case #16: 6 6 0 3 4 4
Case #17: 2 0 6 5 2 7 5
Case #18: 19 20 9 5 9 9 5 19 0 5 5 9 19 9 20 5 5 19 9 5 5 9 9 5 20 9 9 5 5 2 9
Case #19: 33 15 4 15 33 27 4 15 33 8 10 33 33 30 0 30 27 27 30 30 3 15 33 15 33 31 15 32 30 27 15 8 15 33 10 4 30 15 8 4 33
Case #20: 31 0 2 19 26 31 2 26 2 2 26 22 2 28 26 26 2 26 28 2 22 26 27 19 26 2 2 26 2 26 26 2 26 5 26 2 2 26 5 43 2 26 2 2 43 26 2 27 2
Case #21: 11 11 32 11 34 11 11 49 11 11 36 11 37 11 32 18 32 11 5 11 11 36 34 11 0 25 32 11 36 32 13 11 28 11 28 25 11 13 17 49 34 36 11 11 34 21 21 11 32 32
Case #22: 7 7 0 7 7 7 3 7 7 7 3 20 7 7 3 7 7 3 3 7 17 7 7 7 7 3 7 7 7 7 7 7 7 7 17
Case #23: 55 55 44 21 55 51 55 13 36 55 55 55 55 55 55 58 55 36 55 44 55 51 51 13 51 55 55 55 55 44 0 51 31 55 31 13 51 51 13 13 36 13 51 55 37 55 55 12 51 51 13 55 55 31 31 37 12 55 55
Case #24: 27 27 22 27 22 0 6 6 6 27 22 6 15 22 22 6 6 27 27 22 6 6 27 6 27 6 22
Case #25: 53 9 9 11 32 55 11 9 32 0 9 11 55 48 48 53 32 11 48 11 53 9 32 48 9 32 48 32 40 32 32 10 9 53 11 48 48 55 11 53 55 10 53 9 53 48 53 32 32 48 48 48 48 32 11 11 55 32 9 9
Case #26: Impossible
Case #27: Impossible
Case #28: 15 46 18 44 46 52 56 36 49 46 56 56 38 56 32 56 38 15 48 49 56 14 46 32 46 38 48 45 18 38 32 38 26 52 26 14 46 0 31 56 38 60 18 46 15 38 56 15 15 14 38 45 26 38 38 38 46 15 36 56
Case #29: 39 29 41 9 39 0 13 13 41 40 34 41 41 40 41 13 13 40 41 41 13 41 13 41 13 40 13 39 39 13 6 41 39 41 30 41 34 41 41 6 6
Case #30: 0 9 5 5 9 5 6 1 1
Case #31: Impossible
Case #32: 13 13 10 10 11 13 13 1 13 13 2 13 0 2 2 1 13 1 2 2
Case #33: 22 32 7 22 22 27 27 27 49 47 28 22 22 22 32 22 27 27 27 22 0 36 46 21 22 21 21 22 27 22 22 22 47 27 27 27 11 22 7 1 21 22 22 22 27 22 11 22 27
Case #34: 3 3 7 9 3 3 10 3 10 0
Case #35: 2 9 9 2 6 9 8 2 0
Case #36: 41 41 36 22 29 10 0 41 41 7 41 22 33 26 26 36 41 26 22 41 36 41 22 41 22 41 41 41 7 41 22 7 41 41 41 41 41 22 26 26 7
Case #37: 14 45 7 14 14 7 14 53 0 1 50 1 14 9 14 1 53 1 4 1 14 7 14 1 4 14 1 1 14 7 45 4 9 7 7 14 14 7 14 7 1 60 7 14 1 14 7 60 14 14 14 7 14 7 1 1 14 7 14 4
Case #38: 38 28 40 0 40 37 38 38 40 18 38 40 40 4 40 38 38 28 37 42 38 38 40 38 4 24 40 38 4 21 38 28 28 4 21 4 38 4 40 28 40 28 38 38 38 28 40
Case #39: Impossible
Case #40: 20 20 1 26 23 20 2 19 19 20 19 19 58 58 52 1 19 19 52 0 19 58 19 58 20 58 20 20 20 19 20 41 19 20 5 20 6 19 19 20 19 52 19 20 58 23 5 19 20 58 58 20 20 58 19 45 41 19 20
Case #41: Impossible
Case #42: 18 5 4 5 0 1 5 5 5 13 5 17 4 5 4 13 5 17 11 1 17 5 4 5 1 4 5 5
Case #43: Impossible
Case #44: 0 1 1 1 1 1 50 1 1 1 47 1 1 53 50 1 1 50 50 1 1 1 50 1 4 53 50 1 47 4 50 50 49 1 1 50 50 1 1 1 1 1 1 1 1 1 50 50 50 1 49 1 1
Case #45: 6 6 27 38 13 13 13 27 5 5 13 6 27 13 6 6 13 13 13 13 13 27 6 0 13 13 24 27 13 13 13 27 6 27 13 38 27 13 27
Case #46: 0 1 1 1 1 10 14 15 14 1 14 1 1 13 1 14
Case #47: 25 0 26 37 27 18 26 25 37 37 2 38 34 18 18 2 2 2 2 2 2 18 34 38 2 18 18 25 37 38 18 25 37 2 2 25 18 34 2
Case #48: Impossible
Case #49: 40 15 40 15 15 15 15 13 15 13 4 15 0 13 13 4 4 13 4 40 4 13 15 13 15 4 1 13 25 15 4 15 15 37 13 15 15 13 13 37 4 4 13 13 37
Case #50: 4 4 25 25 17 32 2 4 25 4 25 4 25 25 25 17 25 25 45 8 25 25 9 4 0 25 9 25 9 4 4 4 25 9 4 25 9 55 25 55 25 60 9 4 25 4 25 60 9 4 4 9 13 4 25 4 7 9 25 35
Case #51: 4 4 7 0 4 7 4 4 4
Case #52: 0 58 59 59 59 59 58 54 1 17 58 39 59 5 33 4 59 33 59 59 45 58 5 59 58 4 11 59 39 59 39 13 13 13 39 17 59 4 10 58 11 60 39 59 13 30 17 60 59 58 13 58 30 58 45 59 59 59 1 10
Case #53: Impossible
Case #54: 3 1 0 3 4
Case #55: 0 1 17 39 1 15 39 1 1 33 15 39 1 1 17 1 1 15 12 15 15 1 39 39 33 1 43 1 15 15 1 15 15 15 1 1 39 1 1 1 1 39 1 15 15 15 15
Case #56: 45 26 12 26 11 0 11 6 52 6 52 6 11 11 52 52 11 6 11 11 11 52 11 52 11 11 11 6 11 52 11 52 52 52 52 26 11 11 6 52 11 11 26 11 11 6 6 26 6 12 11 6 52 6 11 26
Case #57: 0 1 2 2 2 4 2 1
Case #58: 0 8 1 1 9 8 1 11 1 11 9 9 1 8 1 8 9
Case #59: 4 1 11 0 4 1 6 1 5 11 1 7 4 1 7 6
Case #60: 4 6 0 6 2 3
Case #61: 57 23 22 13 13 0 22 13 22 13 22 22 6 59 59 22 13 22 57 13 42 13 13 57 22 36 13 22 22 22 57 23 23 57 22 13 9 22 22 16 22 60 28 16 13 57 22 60 36 23 22 57 13 22 22 22 13 13 23 22
Case #62: 47 6 47 47 28 47 28 47 47 47 47 37 47 47 0 37 47 47 47 39 47 37 47 46 37 47 55 37 47 39 47 47 47 55 47 6 6 47 15 39 11 60 58 47 39 47 15 60 47 15 47 6 47 35 6 60 55 17 47 37
Case #63: 5 5 5 5 0 5 14 5 31 5 5 5 5 5 5 14 14 23 23 5 23 23 5 15 5 5 14 5 23 23 14 23 5 38 5 5 5 23 5 14 5 5 5
Case #64: 0 48 1 58 3 29 48 48 30 48 3 3 5 9 3 48 3 3 1 48 58 9 51 58 48 58 3 58 3 3 48 3 48 48 29 48 29 48 30 12 29 60 48 48 3 3 3 60 58 58 58 1 1 48 14 48 39 3 48 58
Case #65: 14 42 14 42 54 0 43 42 17 17 17 54 42 6 42 17 14 42 42 17 42 42 14 1 45 14 14 42 17 17 47 5 14 6 14 14 14 43 43 42 14 6 14 14 17 42 42 14 6 17 1 42 6 42 42 5 14
Case #66: 4 0 6 2 8 9 11 9 2 1 5
Case #67: 6 0 2 5 11 30 2 33 32 13 2 2 2 3 30 2 5 3 30 5 5 20 30 5 24 16 30 5 5 5 2 11 6 24 6
Case #68: 11 21 21 11 0 11 5 21 5 4 5 5 11 11 11 11 11 5 5 26 11 5 11 5 5 21 11 11 11 21 5 26 11 5 21 21 21 11 5
Case #69: Impossible
Case #70: Impossible
Case #71: Impossible
Case #72: 5 0 8 53 2 16 2 2 8 21 8 8 8 53 2 8 8 2 2 8 16 2 8 2 2 8 2 8 2 8 8 2 8 8 53 8 8 8 2 8 52 53 21 2 8 8 2 60 8 2 2 2 8 55 5 60 60 8 2
Case #73: Impossible
Case #74: 0 1 28 39 48 37 37 9 28 37 37 37 36 1 37 37 48 37 37 39 37 37 28 28 21 28 37 39 48 1 28 28 37 37 37 39 1 28 48 48 37 37 1 48 37 28 48 37
Case #75: 23 53 0 53 53 9 53 53 3 9 53 9 23 16 53 9 23 53 9 9 53 53 53 23 53 53 9 9 3 23 53 9 53 53 9 16 9 53 53 53 9 9 53 53 53 53 9 53 53 53 3 9 3 55 53
Case #76: 20 27 7 25 25 10 8 27 12 23 25 27 15 10 7 7 7 23 20 7 27 20 13 25 0 25 25 20
Case #77: Impossible
Case #78: 3 0 2 3
Case #79: 24 36 31 38 8 31 36 24 24 24 24 24 24 31 24 24 31 24 24 24 0 24 24 21 24 24 36 36 24 24 21 8 31 24 24 24 24 24 24
Case #80: Impossible
Case #81: 48 48 48 0 4 4 9 48 48 4 4 43 4 48 22 48 43 48 43 48 4 4 4 48 4 4 22 22 39 48 48 14 22 48 22 48 48 48 4 4 48 4 4 48 43 4 48 4 22 4 48 22 39 4 22 4 22 22
Case #82: 0 1 1 21 1 21 5 1 21 1 1 21 21 1 16 7 1 1 1 1 1 1 1
Case #83: 5 11 19 16 4 16 19 16 0 4 14 5 4 16 16 9 14 8 16 9
Case #84: 32 1 1 25 0 32 32 32 32 1 32 1 26 11 1 32 36 20 10 32 32 32 32 32 1 1 1 32 32 1 11 5 1 32 1 10
Case #85: 0 1 1 1 1 8 8 1 8 8 15 1 8 3 8 8 1 23 2 11 8 11 17
Case #86: 2 0 6 2 2 13 2 13 2 2 2 13 2
Case #87: Impossible
Case #88: 17 45 14 45 22 14 30 45 53 45 39 45 14 0 17 14 14 17 14 14 57 14 41 45 14 39 14 14 17 39 14 14 45 14 45 45 14 39 14 45 45 60 39 45 14 14 14 60 17 53 17 14 14 14 48 38 60 45 14 14
Case #89: 16 28 16 28 39 0 39 6 6 28 39 10 28 28 35 28 6 16 28 6 39 6 28 28 35 39 19 6 28 39 28 28 6 28 28 28 28 39 19
Case #90: 38 15 28 2 14 15 46 21 53 14 0 50 46 11 46 21 14 50 14 14 28 14 15 14 46 15 11 14 11 46 46 15 46 22 21 15 11 11 46 22 2 21 15 48 15 11 11 14 21 53 22 14 46
Case #91: 13 13 31 0 13 13 13 31 13 13 28 13 4 13 13 31 28 13 13 13 50 13 13 13 13 13 13 4 13 13 13 31 13 31 13 4 13 13 13 13 31 13 31 13 13 28 13 4 50 13 13 13 13 13 39 31 13 13 13
Case #92: Impossible
Case #93: 0 32 1 1 41 1 41 1 1 27 41 43 41 1 29 1 1 1 41 32 41 41 41 27 41 1 41 42 41 41 1 1 1 41 1 41 1 27 1 41 1 1 1 41 1 27 41 1
Case #94: Impossible
Case #95: 31 26 23 1 13 26 23 23 22 31 31 21 23 17 1 21 27 24 31 26 22 0 22 31 8 1 3 24 26 23 23
Case #96: 14 5 11 15 13 14 14 13 13 5 5 8 14 0 5 2
Case #97: 3 3 0
Case #98: 7 10 12 12 10 0 6 6 12 7 8 6
Case #99: 51 27 0 3 13 51 51 3 13 51 23 3 51 51 3 3 27 51 13 49 51 27 3 13 27 3 51 27 27 27 27 13 51 11 3 6 51 3 3 51 3 27 51 51 51 3 51 51 23 17 3 13 3 51
Case #100: Impossible
