100
10 95
3 6 9
9 10 10
10 3 10
5 9 10
7 8 8
4 6 10
2 6 8
8 6 8
3 4 10
10 4 10
7 1 8
4 10 10
10 9 10
3 8 8
1 6 8
6 1 8
6 1 8
3 5 10
4 7 7
3 4 10
7 4 7
1 4 8
6 4 10
10 6 10
4 2 10
1 10 8
3 7 10
1 9 8
3 2 10
6 5 5
8 3 8
3 5 10
3 6 10
6 5 5
4 10 10
3 4 10
6 5 5
9 10 10
6 1 8
1 5 8
5 8 8
10 7 10
9 5 10
9 10 10
3 4 10
3 6 10
4 8 8
3 7 10
7 3 10
9 2 10
5 9 10
7 3 10
3 7 10
9 1 8
6 4 10
6 3 10
1 2 8
6 2 10
5 10 10
7 1 8
2 3 10
4 3 10
1 5 8
4 5 10
10 7 10
7 5 10
6 3 10
1 3 8
3 7 10
2 10 10
6 5 5
10 2 10
9 4 10
4 7 7
3 6 10
9 8 8
5 1 8
8 6 8
8 10 8
2 6 10
8 2 8
8 3 8
1 4 8
9 8 8
7 3 10
10 5 10
6 8 8
9 1 8
8 9 8
10 6 10
1 10 8
8 2 8
9 7 10
5 9 10
8 6 8
43 98
25 24 33
3 32 32
30 42 19
37 14 32
17 31 32
38 14 19
41 19 19
3 37 15
1 25 19
2 10 19
27 20 32
23 15 32
19 33 33
12 35 32
7 42 19
12 18 32
19 11 19
29 2 32
7 5 5
9 38 19
37 26 33
31 3 32
12 20 32
11 5 32
20 36 32
18 32 32
12 10 19
9 28 19
5 17 28
5 41 41
20 24 33
23 43 32
16 13 33
6 15 19
14 17 32
27 10 19
7 40 21
37 31 32
18 32 32
21 11 32
39 10 19
14 2 32
7 32 32
23 12 32
42 5 19
6 39 19
31 7 32
5 21 21
12 34 34
25 3 32
23 31 32
28 4 32
5 1 19
34 6 19
12 11 32
33 32 33
17 40 28
17 8 19
21 4 32
9 11 19
1 3 19
43 10 19
31 37 32
43 20 32
11 33 33
24 18 33
37 33 33
19 12 19
32 25 32
9 2 19
34 8 19
6 40 19
15 16 32
42 35 19
34 1 19
4 22 19
9 13 33
14 8 19
34 36 32
2 39 32
9 26 33
6 38 6
12 23 32
7 30 32
25 11 32
36 39 32
11 37 32
16 35 32
20 24 33
10 28 19
16 34 32
14 41 32
31 22 19
31 3 32
1 37 19
12 21 32
18 2 21
32 43 32
13 32
7 9 1
6 7 6
5 11 11
12 11 12
6 4 6
6 9 6
3 5 1
12 8 12
1 11 1
8 2 12
10 6 6
5 13 5
6 8 11
4 1 1
7 6 6
6 4 6
2 9 12
10 2 12
4 10 6
11 5 5
13 9 1
9 13 1
2 6 12
8 9 1
4 5 5
4 9 2
8 1 1
9 1 1
13 2 2
1 6 6
9 3 3
8 13 1
32 98
18 1 2
14 5 2
18 27 26
13 1 2
30 9 2
15 17 15
9 12 2
23 29 2
1 32 5
23 17 2
28 4 2
13 18 2
16 22 2
17 25 2
29 6 2
26 2 26
20 18 19
3 16 16
30 14 14
25 13 2
23 1 2
13 20 15
30 13 2
23 1 2
3 10 2
32 27 26
2 9 20
22 29 2
6 32 2
1 18 2
28 26 32
32 14 29
2 7 2
26 7 26
15 2 15
7 10 2
12 7 2
32 31 15
16 15 15
9 19 2
22 9 2
32 11 2
20 6 22
9 26 26
22 16 2
15 6 17
19 23 2
16 18 2
20 12 15
28 32 2
16 19 2
1 24 28
15 6 15
1 9 2
17 25 2
6 12 2
19 24 26
12 10 2
14 9 2
15 2 7
22 28 21
26 18 26
24 18 26
5 1 5
27 2 26
7 28 2
20 12 15
25 9 2
20 22 15
10 9 2
32 28 2
22 29 2
10 7 2
25 18 25
5 2 2
3 6 2
32 10 2
15 28 14
25 6 2
12 11 2
2 12 2
12 7 2
3 22 2
19 9 2
22 2 2
3 9 16
29 6 2
1 2 2
4 26 23
9 4 2
10 1 2
31 11 15
24 6 26
11 2 2
32 26 26
4 29 2
10 3 2
31 20 20
60 120
58 19 43
1 31 43
11 23 30
23 25 30
13 30 30
22 50 43
26 56 43
15 51 30
22 47 43
57 55 30
60 15 43
1 21 43
22 4 43
60 41 43
27 8 43
1 31 43
45 50 30
26 25 20
45 19 35
11 37 30
51 12 20
45 57 30
20 53 43
14 25 30
26 36 30
31 24 43
48 11 30
60 22 43
33 25 43
60 54 43
3 1 43
23 21 30
53 21 43
9 17 43
55 7 43
54 43 43
38 43 43
6 29 30
39 35 30
40 32 35
2 9 43
4 23 30
49 60 43
34 37 30
48 42 34
42 14 34
20 39 30
8 34 34
2 28 43
43 48 43
2 44 43
4 35 30
18 2 43
37 60 43
38 45 30
44 50 30
3 2 43
43 28 43
14 9 43
39 38 34
16 11 30
27 44 43
9 40 43
44 45 30
47 15 30
56 16 43
49 37 30
4 50 30
46 29 43
55 1 43
37 22 43
23 26 30
53 47 43
57 39 34
36 17 43
54 18 30
25 16 30
42 48 34
11 38 30
10 54 43
17 54 43
19 42 30
53 30 43
3 46 3
28 5 43
52 51 30
56 14 43
8 28 43
40 55 30
17 34 43
38 43 43
47 20 20
13 28 43
18 1 43
32 8 30
53 17 43
13 24 43
27 57 43
55 21 30
29 21 34
40 60 43
45 5 30
58 27 27
32 38 30
33 32 43
37 16 30
39 14 34
3 16 30
23 21 30
50 16 30
3 48 30
22 19 43
52 34 30
2 4 43
24 35 43
38 52 30
31 53 43
24 14 43
29 2 43
58 8 43
55 58
30 7 1
1 26 1
50 33 1
3 5 1
35 27 1
5 33 1
50 35 8
6 36 1
3 7 1
24 2 1
54 40 1
38 48 1
30 37 4
19 33 1
19 6 1
52 47 52
5 14 1
23 9 4
24 27 1
1 9 1
21 12 52
44 48 1
28 50 1
42 15 15
27 55 4
46 32 1
9 42 1
35 10 1
28 40 1
6 16 1
34 54 1
8 27 1
14 13 1
21 7 1
20 55 4
9 22 4
32 51 1
14 23 1
47 1 1
13 33 1
39 40 4
51 52 1
27 47 4
17 31 1
11 15 1
44 51 1
8 47 1
7 34 1
31 42 1
25 37 4
11 46 1
23 5 52
46 18 1
27 20 4
45 16 1
7 12 1
12 37 52
51 54 1
32 85
22 12 7
6 19 7
11 16 7
25 3 7
5 17 7
8 13 7
17 14 7
28 11 7
13 5 7
9 8 7
29 22 8
3 27 7
24 14 7
27 10 7
22 5 7
14 2 2
31 27 7
24 10 7
20 31 7
8 11 7
26 15 25
32 18 25
31 19 25
15 8 7
8 23 7
5 27 7
20 8 7
31 10 25
26 1 7
28 11 7
19 14 32
27 9 7
23 27 7
18 26 26
20 10 7
6 21 7
18 16 25
28 13 7
22 31 7
7 13 7
21 6 7
21 15 15
11 29 7
7 21 7
11 12 7
32 2 32
31 6 7
29 8 8
2 29 7
24 6 7
10 6 7
26 10 25
11 20 7
30 29 8
2 32 32
19 30 7
1 31 7
16 4 7
32 19 32
7 31 7
25 26 25
13 15 7
10 19 12
10 15 25
6 4 7
18 4 7
6 3 6
31 5 5
4 23 7
5 17 7
9 2 7
25 29 7
21 27 7
28 17 7
30 32 7
26 15 25
8 10 7
22 19 7
23 32 32
15 17 7
20 28 7
26 8 7
22 24 22
11 31 7
19 15 25
36 118
31 28 13
27 28 27
15 9 27
10 16 27
33 2 18
13 22 27
36 21 27
10 29 27
29 26 27
26 13 35
11 2 27
34 14 14
15 14 27
24 3 27
28 5 18
14 32 14
11 3 27
25 23 27
4 13 27
35 9 27
5 22 27
2 23 27
22 21 27
16 13 27
15 13 27
19 18 18
11 3 27
9 7 27
21 36 27
17 23 27
1 26 13
6 13 13
16 17 27
5 29 27
32 11 27
28 25 25
20 28 27
15 7 27
29 17 27
13 31 13
1 30 27
3 34 10
22 34 27
26 7 27
17 8 8
35 25 13
5 28 18
6 22 27
27 30 27
4 3 27
11 16 27
10 6 18
24 17 27
23 19 27
22 18 27
34 5 18
3 24 27
14 32 14
5 26 13
27 29 2
27 5 27
21 23 27
15 27 27
27 36 27
22 15 4
33 9 27
29 25 27
14 9 27
7 27 27
34 17 18
36 14 27
7 31 27
24 5 27
34 4 27
9 3 27
28 21 13
24 4 27
13 3 13
15 28 27
11 20 27
6 25 18
19 7 27
1 34 13
23 16 27
7 30 27
30 22 27
5 13 13
27 22 27
15 4 4
13 32 13
34 23 27
23 22 24
7 1 27
30 35 27
13 36 27
10 3 10
27 13 27
19 10 18
28 4 27
33 36 27
30 8 8
18 35 13
1 35 13
36 20 27
27 31 27
17 18 18
7 27 27
19 24 27
19 34 18
35 3 13
36 34 27
31 25 13
26 33 13
14 23 27
15 8 8
4 27 27
27 18 27
13 2 13
47 72
32 16 2
28 39 2
2 45 2
42 5 26
13 42 26
6 31 26
11 42 26
8 3 17
47 20 26
16 11 26
15 39 8
41 23 26
25 32 26
12 20 34
3 23 26
17 2 26
47 10 26
4 22 26
18 35 26
34 16 2
7 25 26
45 43 2
47 25 42
1 21 26
13 27 13
36 19 6
29 31 26
32 11 26
23 12 26
29 41 2
6 30 40
39 29 8
15 5 26
28 32 2
26 43 26
37 11 26
25 12 26
16 1 35
38 9 43
38 40 2
36 22 2
38 35 26
24 37 26
7 17 15
25 23 33
16 25 28
29 3 2
32 21 26
16 45 2
2 37 2
31 3 11
3 6 2
45 13 26
33 15 34
34 35 26
16 47 26
4 28 26
44 41 2
26 14 26
35 41 26
6 28 2
35 28 26
14 39 2
44 21 21
9 15 34
44 12 26
19 46 2
43 11 26
3 21 45
38 42 34
16 45 2
2 26 26
39 73
39 12 35
35 21 35
17 11 35
28 18 30
28 4 35
10 23 35
15 2 2
9 20 10
2 8 3
5 13 35
35 12 35
7 22 2
32 7 2
21 9 35
2 1 35
26 21 2
1 33 35
30 27 35
1 35 35
12 26 35
7 33 2
24 11 35
33 5 35
30 28 30
6 23 35
22 21 2
12 36 35
32 5 35
32 18 2
12 28 35
31 17 2
10 21 35
24 15 3
7 37 35
7 9 35
8 1 35
29 16 10
21 37 35
16 4 35
7 27 35
11 28 35
32 19 35
3 14 3
10 4 35
8 26 3
8 17 3
22 31 31
6 32 35
33 30 30
38 35 35
30 1 35
12 5 12
28 23 30
13 19 13
15 12 35
33 5 35
11 8 35
14 6 35
34 36 2
38 22 2
26 14 2
21 6 35
11 26 35
29 14 35
28 30 30
12 29 12
26 7 26
14 26 2
39 19 35
26 1 35
8 7 3
27 19 35
22 13 35
46 26
45 6 45
41 7 45
9 20 45
13 25 45
46 44 25
33 22 45
32 1 1
1 35 45
24 7 45
46 35 45
44 1 1
13 8 45
40 20 45
12 28 28
11 5 45
1 46 1
37 3 45
3 14 13
9 43 7
37 3 45
36 38 45
17 37 7
39 3 45
7 18 7
20 7 45
39 31 45
12 32
5 7 2
10 1 1
6 5 2
11 12 11
2 12 2
12 6 6
6 4 7
8 3 2
1 5 2
6 7 7
4 7 7
2 6 2
10 4 7
4 2 2
8 4 7
8 12 7
11 5 2
1 7 7
12 7 7
12 7 7
12 9 9
1 12 11
1 9 9
5 4 2
4 11 7
2 4 2
1 7 7
4 6 7
1 4 7
5 1 2
8 9 9
12 11 11
42 68
5 42 35
21 31 35
23 25 35
28 21 15
32 26 15
37 14 35
38 7 7
3 15 7
20 21 15
21 24 35
39 10 19
21 23 33
2 32 33
1 15 15
33 34 35
23 36 35
5 38 15
20 33 15
10 1 35
13 2 35
14 9 35
38 17 35
9 30 35
18 12 35
35 37 35
42 32 35
13 18 35
29 13 37
17 16 35
2 26 15
32 37 35
11 39 35
32 14 35
13 27 19
37 22 19
9 6 15
10 18 35
2 9 15
6 3 35
4 2 2
23 42 35
28 19 35
9 38 15
2 28 15
33 31 35
16 3 16
28 10 35
14 13 35
6 18 15
39 32 35
28 8 15
12 9 22
1 14 35
38 4 15
32 24 35
30 41 19
1 33 15
22 12 35
29 22 19
27 41 18
33 8 15
12 9 35
29 8 35
23 33 33
17 18 35
22 33 35
31 28 35
5 35 35
45 18
39 12 39
4 41 28
13 23 23
1 16 28
30 6 6
41 42 28
20 24 28
35 29 28
23 33 28
29 28 28
28 34 28
43 34 4
26 39 28
26 28 28
11 28 28
30 22 28
32 44 28
15 44 28
10 52
9 6 6
9 7 7
7 8 7
10 4 10
3 7 5
5 6 5
9 6 6
2 3 5
6 4 10
7 2 5
9 2 5
6 9 6
5 8 5
2 1 5
4 9 10
9 1 1
5 4 10
10 7 10
4 9 10
10 2 10
9 7 7
9 8 7
4 1 10
3 7 5
4 2 10
1 2 5
3 7 5
3 1 5
8 6 7
7 3 5
10 1 10
8 1 1
6 1 1
8 5 5
5 7 5
8 6 7
4 9 10
6 4 10
2 5 5
6 4 10
2 5 5
7 10 10
10 8 10
3 1 5
9 1 1
9 10 10
4 8 10
6 3 5
3 10 10
3 10 10
8 5 5
10 2 10
6 3
2 4 3
6 5 4
1 2 6
7 4
7 3 5
4 1 2
6 3 6
6 4 5
31 32
2 1 9
10 19 9
20 7 5
18 8 19
12 25 9
2 25 20
30 2 2
28 16 5
13 19 19
21 4 5
7 9 9
20 9 9
21 27 9
21 7 5
30 6 9
5 1 9
6 2 9
17 27 9
2 6 9
1 3 3
9 24 9
17 10 5
7 12 9
1 26 9
24 11 5
9 7 9
29 5 5
20 15 20
8 1 19
7 4 5
14 26 9
31 3 9
41 112
19 38 15
13 27 15
14 22 15
5 34 33
7 39 15
19 6 27
13 36 15
34 9 15
41 31 15
27 34 15
21 35 4
26 31 31
6 28 15
37 17 27
24 27 15
41 6 15
11 35 10
1 20 15
31 26 31
25 30 15
33 3 15
25 17 15
23 21 15
22 18 15
7 37 4
28 14 15
35 27 15
16 38 15
24 34 15
27 26 15
26 17 15
15 24 15
22 35 15
26 5 15
15 1 15
13 25 33
28 33 33
21 11 15
29 36 4
18 20 27
41 21 15
32 8 8
10 5 8
21 11 15
39 29 15
24 12 15
18 29 27
28 5 8
2 36 15
18 33 15
4 32 15
26 34 15
35 7 15
25 26 15
7 33 15
31 34 15
30 19 30
9 7 4
18 39 15
3 1 15
11 12 33
35 17 15
8 3 15
27 34 15
9 12 15
2 20 15
6 16 27
17 26 15
8 13 8
21 11 15
1 17 15
13 21 15
26 17 15
36 33 15
32 28 32
29 14 30
18 38 15
9 32 15
32 37 15
4 40 4
30 2 15
13 39 8
2 8 15
4 3 4
26 24 15
37 20 30
30 27 27
15 26 15
14 21 3
11 16 15
35 24 15
8 18 15
19 35 15
39 17 15
7 39 15
6 30 27
2 20 15
6 32 15
19 22 15
23 14 15
16 37 30
1 11 33
8 22 15
18 36 4
18 21 4
1 41 33
25 23 33
21 19 4
11 31 15
17 7 4
16 9 33
5 11 8
49 31
24 19 19
5 42 26
24 6 31
34 46 26
39 34 5
19 14 28
31 1 31
23 48 27
46 28 26
48 5 2
12 21 22
35 31 26
40 45 43
30 35 26
25 15 26
21 38 26
22 28 26
43 4 2
24 4 19
24 34 26
13 23 2
7 43 2
33 42 26
1 49 2
1 25 26
4 12 26
40 47 47
11 40 26
16 26 26
4 19 19
18 8 26
50 80
36 16 36
43 3 11
49 32 32
8 49 49
5 19 5
42 38 36
19 27 11
18 6 11
15 35 11
26 4 26
20 48 11
2 38 11
41 42 36
28 30 11
13 46 11
39 17 17
45 34 34
11 48 11
18 16 18
15 13 32
13 1 11
24 13 11
27 30 32
29 11 36
3 50 32
13 32 32
45 38 11
47 46 21
5 41 34
23 22 36
1 24 26
21 31 11
41 42 36
50 5 11
49 32 32
28 8 11
34 1 11
2 24 26
49 38 49
45 9 11
1 16 11
29 28 36
36 35 36
37 6 11
23 11 11
19 37 11
29 16 36
50 46 11
3 30 32
33 35 28
32 4 11
31 38 13
13 37 37
39 7 11
17 30 32
18 44 11
37 7 11
23 40 11
34 9 11
46 48 11
49 40 49
11 39 11
32 23 11
21 29 36
28 31 11
28 5 11
14 36 36
42 33 36
23 36 36
42 47 36
24 40 11
2 13 11
6 40 11
4 31 11
12 38 11
24 50 11
18 12 11
39 10 11
23 41 34
14 34 11
35 40
28 20 7
21 13 7
1 7 7
10 12 7
29 21 7
13 21 7
20 27 7
20 3 3
23 10 7
12 34 7
17 27 7
33 10 7
35 21 17
16 21 7
7 23 7
17 35 17
23 8 19
8 25 7
1 28 7
7 32 7
31 9 7
24 4 7
4 29 7
29 1 7
12 20 20
27 2 7
27 24 7
9 1 7
32 25 7
22 30 7
6 25 7
23 7 7
8 14 7
2 13 7
5 17 7
22 2 11
34 31 7
22 8 7
11 35 11
30 20 7
59 81
14 51 55
36 5 55
38 22 51
34 6 55
48 20 44
39 51 13
40 21 21
23 6 51
39 34 55
43 19 55
58 48 58
45 9 36
14 28 55
9 12 55
36 14 55
59 47 55
12 46 55
29 24 55
48 16 58
26 57 55
14 13 55
17 40 55
44 52 55
22 16 55
6 56 51
19 51 55
55 42 55
32 43 51
13 12 55
3 34 55
40 13 13
23 19 55
34 46 55
3 53 55
2 3 55
9 39 13
5 52 55
25 37 51
57 56 55
43 44 55
1 23 55
41 9 36
6 39 13
13 30 55
14 21 55
3 50 55
29 9 55
6 47 55
20 18 55
56 18 36
49 51 51
3 10 55
59 40 55
11 1 55
30 3 44
49 44 55
36 41 36
19 25 55
24 13 13
42 36 13
51 58 55
45 56 37
48 7 55
55 10 55
32 22 51
53 12 55
27 16 55
12 26 55
44 10 55
38 6 51
2 32 55
50 8 13
4 50 21
11 30 55
50 23 51
57 48 12
23 32 51
2 8 55
59 38 55
34 48 55
34 15 55
27 14
4 19 27
5 10 22
23 27 27
23 1 27
3 1 22
22 23 22
10 25 27
15 27 22
18 2 27
11 15 22
10 15 22
20 14 22
5 27 22
13 15 15
60 120
6 41 55
57 12 11
33 17 32
49 35 32
31 59 32
12 19 32
21 30 32
6 24 32
16 46 48
3 16 32
60 43 32
58 2 32
4 56 11
20 9 9
24 27 48
33 47 32
37 21 48
18 45 32
1 12 32
17 11 32
55 50 32
43 38 32
59 5 32
60 31 32
39 19 32
9 31 32
46 21 48
41 14 32
33 57 9
37 30 32
16 45 53
39 55 11
57 20 11
38 43 32
56 39 11
58 60 32
20 23 32
7 32 32
11 53 32
50 60 32
27 4 32
47 25 32
46 14 48
36 20 32
6 38 55
11 8 9
43 57 32
51 17 32
44 3 9
43 60 32
34 53 53
33 31 32
19 18 32
39 23 32
12 35 11
25 14 32
39 13 11
5 32 32
29 40 40
60 32 32
21 47 53
19 18 32
58 20 32
27 12 32
60 38 9
36 19 48
19 46 48
15 36 48
41 16 32
47 40 53
12 18 11
47 46 48
26 25 32
30 26 32
35 5 32
17 38 32
57 35 35
8 50 32
55 58 32
28 33 32
41 16 32
53 27 48
33 39 9
25 2 9
25 11 9
4 31 32
34 52 48
22 60 9
58 5 32
27 9 32
46 54 32
9 57 9
40 51 48
24 8 32
2 19 32
41 11 11
40 54 32
43 1 53
45 44 32
48 50 48
7 48 32
20 35 11
38 13 55
20 7 11
20 13 11
9 50 32
19 34 48
58 46 32
29 47 53
44 59 9
51 25 32
45 56 32
38 39 11
24 32 32
44 28 32
51 60 32
15 30 32
57 13 55
44 26 32
47 4 32
11 99
7 1 10
4 9 9
1 6 6
9 4 9
3 11 7
4 2 10
5 4 10
11 10 10
10 2 10
3 1 10
1 4 10
7 11 7
8 6 10
7 9 7
6 3 10
6 7 10
4 1 10
4 3 7
3 4 7
11 4 4
1 11 10
6 4 10
10 2 10
5 10 10
11 8 7
3 4 7
10 4 10
1 11 10
6 7 10
9 4 9
7 3 7
7 8 7
5 11 10
7 11 7
5 10 10
11 4 4
5 2 5
11 4 4
11 7 7
8 11 7
1 3 10
7 10 10
5 10 10
1 10 10
3 1 10
6 1 6
8 5 10
11 10 10
3 1 10
4 10 10
3 5 10
3 7 7
8 10 10
6 3 10
1 4 10
6 1 6
10 11 10
9 2 10
4 5 10
7 10 10
3 4 7
4 7 7
6 1 6
10 8 10
3 7 7
6 3 10
7 5 10
4 9 9
5 3 10
3 7 7
2 1 1
4 9 9
7 9 7
11 4 4
4 5 10
5 3 10
6 11 10
1 5 5
5 7 10
5 1 5
9 4 9
9 7 7
1 7 10
3 8 7
2 4 10
1 2 1
11 2 10
9 6 10
9 11 9
3 11 7
11 10 10
3 4 7
3 6 10
6 9 10
10 9 10
7 1 10
5 7 10
4 2 10
11 3 7
32 37
25 15 22
21 5 21
18 8 11
9 10 11
12 15 22
11 6 11
3 14 22
4 18 7
10 29 21
26 25 21
2 27 11
30 27 11
12 10 11
24 30 7
1 10 3
21 11 11
10 6 11
19 16 19
15 17 22
21 30 11
4 19 11
20 29 22
17 2 11
10 21 21
8 6 11
27 6 11
2 5 11
23 8 11
5 30 11
11 14 22
16 31 21
9 23 23
19 11 11
4 1 11
7 15 22
20 8 22
22 7 22
60 120
19 48 32
46 37 46
17 29 38
5 54 38
50 54 38
6 21 56
57 31 46
17 50 38
15 31 32
12 50 56
19 59 38
19 23 46
9 20 49
17 54 38
14 16 56
53 35 26
33 44 38
21 60 56
50 58 38
19 9 32
3 5 46
31 3 32
58 10 46
36 6 56
38 57 38
5 12 38
29 40 56
2 58 46
48 42 60
59 8 36
15 4 38
16 28 38
30 3 38
59 43 38
32 11 38
37 14 38
29 31 38
33 26 26
43 1 46
40 27 56
46 53 38
51 7 38
16 52 38
42 34 46
58 49 15
45 44 44
39 11 56
42 15 32
47 55 38
56 47 56
41 44 38
21 4 38
33 16 56
4 39 38
59 33 56
39 59 56
25 38 38
58 16 38
32 54 38
54 10 38
7 6 56
6 58 38
2 49 46
25 10 46
56 36 56
13 48 38
28 52 45
6 3 18
44 10 46
48 45 15
38 48 38
31 40 38
58 14 38
2 36 38
18 24 32
18 58 15
24 5 46
22 46 38
44 10 46
39 58 31
48 35 38
15 6 38
59 51 38
60 24 38
35 5 38
52 16 38
31 57 46
5 47 38
50 36 14
41 29 38
39 43 38
54 15 38
47 56 56
48 22 38
59 43 38
6 50 56
44 9 44
46 16 38
13 57 38
12 51 38
57 41 38
3 15 15
43 29 18
9 1 15
19 4 44
30 34 38
19 27 48
11 10 38
22 36 14
58 43 46
6 55 38
26 43 38
18 45 15
46 37 46
47 20 38
22 5 38
6 34 52
38 21 38
22 42 38
42 40 38
41 74
8 32 41
38 13 41
35 27 13
8 17 13
28 7 41
3 16 41
4 3 41
35 30 30
27 12 41
10 14 40
37 10 41
25 28 41
35 24 41
7 8 13
23 25 13
8 21 13
4 22 41
18 24 41
36 8 41
11 32 41
10 11 41
35 18 41
30 16 13
22 39 41
13 23 13
11 36 41
12 34 41
1 33 39
18 1 40
16 27 13
11 27 41
13 33 41
26 36 41
11 37 34
26 25 41
18 26 40
15 9 41
21 26 41
5 2 39
10 18 40
35 8 13
29 2 29
39 33 39
18 19 41
40 2 40
39 21 41
8 20 41
33 21 41
37 12 41
9 4 9
1 29 39
4 26 40
15 23 41
39 28 39
36 39 41
13 17 13
19 15 41
15 32 41
9 5 9
21 41 41
26 1 40
29 26 40
17 1 41
7 32 41
37 7 41
37 41 41
16 21 13
34 12 41
29 24 41
9 23 41
23 37 41
12 27 41
19 26 41
7 2 41
9 36
8 7 1
8 1 1
9 7 1
5 9 1
7 6 6
6 1 1
2 1 1
6 2 1
6 2 1
5 8 1
5 3 5
3 8 1
1 3 1
5 8 1
8 4 1
1 3 1
7 3 5
6 7 6
8 1 1
8 3 1
3 8 1
3 6 5
1 3 1
9 4 1
2 6 1
4 9 1
7 1 1
7 2 1
3 6 5
3 5 5
3 1 1
4 6 5
2 3 1
2 9 9
5 3 5
4 6 5
13 73
2 9 1
2 4 1
7 10 10
4 3 10
9 5 10
2 11 1
9 10 1
3 10 10
12 2 10
8 11 10
7 5 10
3 11 10
11 3 10
9 13 10
6 4 1
7 2 1
10 9 10
6 3 10
10 2 10
5 7 10
12 13 13
2 12 10
1 13 3
9 12 10
6 11 1
2 8 10
9 3 10
8 4 10
1 13 10
12 10 10
11 12 10
2 9 6
12 8 10
4 10 10
12 9 10
3 10 10
3 1 10
11 10 10
5 4 10
10 4 10
13 5 10
5 7 10
1 5 10
5 10 10
11 2 1
9 6 9
4 9 1
2 10 10
12 4 10
5 12 10
7 8 10
2 10 10
8 3 8
11 9 1
8 1 10
1 8 10
1 12 10
4 8 10
12 5 10
1 6 1
5 11 10
10 5 10
10 2 10
4 9 1
5 1 10
11 12 10
1 5 10
11 3 10
3 6 10
4 2 1
5 12 10
2 5 10
6 12 10
20 80
2 16 13
6 12 13
15 7 13
5 12 13
20 4 13
2 18 13
5 1 13
4 19 13
5 20 2
14 6 13
2 9 13
13 10 13
4 6 13
6 9 13
16 4 13
12 15 13
15 10 13
20 1 13
18 12 13
16 20 13
9 3 13
1 16 1
6 14 13
9 15 13
10 4 10
11 12 13
13 2 13
13 9 13
9 16 13
11 3 13
11 5 11
18 15 13
12 9 13
2 12 13
5 20 2
7 9 13
7 17 13
9 5 13
8 10 13
7 2 13
11 12 13
15 9 13
3 5 13
11 18 13
8 16 1
9 2 13
15 9 13
15 2 2
10 3 10
11 7 13
18 2 13
13 14 13
10 11 13
11 2 2
10 9 13
7 15 13
5 11 11
17 6 13
14 19 2
8 11 13
12 19 13
9 6 13
9 7 13
19 7 13
13 7 13
16 7 13
3 16 13
7 13 13
1 18 1
6 12 13
19 2 2
11 7 13
19 18 13
6 13 13
14 10 13
14 9 13
5 6 13
20 15 2
16 11 13
14 7 13
49 70
25 3 7
16 19 27
47 38 22
46 23 46
5 22 22
42 17 27
33 22 27
31 37 22
12 39 7
5 29 27
6 9 27
8 18 27
29 40 27
8 29 27
19 33 27
1 20 22
43 46 22
35 48 27
39 5 27
22 33 27
32 2 27
35 7 27
38 2 27
15 25 22
8 32 27
11 23 22
39 10 27
40 32 22
28 30 22
37 47 11
13 3 27
28 11 28
48 5 22
33 11 27
17 30 27
11 32 22
25 40 22
17 47 27
4 13 22
23 14 22
32 16 22
2 15 32
36 35 27
44 19 27
34 40 27
18 36 27
43 35 27
12 42 22
34 49 27
36 6 27
37 17 27
10 11 27
29 42 27
46 9 27
9 39 21
44 1 22
2 12 27
34 19 27
17 1 27
3 27 27
22 13 36
25 40 22
1 40 1
10 33 47
45 27 27
23 39 27
32 23 18
43 46 22
27 2 27
28 43 22
10 56
5 10 10
8 3 3
4 6 9
3 7 7
8 5 10
3 5 10
9 7 10
4 10 10
8 4 10
1 9 10
1 3 7
4 3 10
7 9 10
9 3 10
10 8 10
7 10 10
10 9 10
2 6 7
2 6 7
8 5 10
5 9 10
4 8 10
9 10 10
8 3 3
7 6 7
5 10 10
6 7 7
5 2 10
6 4 10
7 2 7
1 7 7
8 4 10
5 7 10
10 2 10
4 7 10
2 4 10
1 7 7
1 6 7
2 1 3
3 5 10
3 1 7
5 9 10
3 10 10
7 3 7
5 7 10
1 9 10
7 6 7
2 5 10
8 10 10
1 5 10
5 1 10
5 7 10
9 5 10
5 6 3
1 8 7
9 2 10
9 64
4 9 9
3 5 9
2 3 9
6 2 9
4 1 2
1 9 9
3 9 9
9 2 9
4 6 9
2 4 2
3 5 9
4 9 9
9 5 9
7 4 2
3 2 9
9 1 9
6 9 9
4 8 2
9 2 9
1 7 2
8 7 8
6 8 9
3 1 9
8 4 2
6 7 9
4 6 9
5 3 9
9 5 9
5 7 9
6 8 9
6 1 9
3 1 9
6 5 6
8 6 9
9 1 9
4 6 9
9 4 9
6 2 9
2 3 9
1 7 2
8 4 2
2 4 2
7 5 9
1 6 9
1 6 9
5 7 9
6 3 9
6 7 9
2 4 2
4 8 2
7 3 9
9 6 9
2 4 2
8 3 9
3 4 9
6 5 6
1 9 9
4 2 2
5 3 9
3 9 9
7 2 2
9 8 9
6 7 9
4 3 9
41 62
3 6 41
38 19 22
10 15 10
41 36 41
3 22 41
36 12 41
13 23 33
15 24 41
1 14 41
14 24 41
3 17 41
25 23 22
24 21 41
41 39 41
12 9 41
28 11 41
19 39 26
37 9 41
2 11 41
31 12 22
24 33 41
9 16 41
11 34 41
39 4 26
3 38 41
13 1 41
2 20 41
19 9 41
30 23 41
27 22 41
9 6 41
36 26 41
34 2 41
21 33 41
15 31 26
4 29 29
13 25 33
26 1 41
21 17 41
3 16 36
15 40 26
21 36 36
3 36 36
6 15 10
35 36 41
31 8 41
31 15 26
9 6 41
36 26 41
18 14 26
37 41 41
9 8 41
33 13 33
38 9 41
15 11 41
12 16 41
2 13 41
12 4 22
29 5 29
13 19 33
27 9 41
9 30 41
60 120
5 14 14
23 11 14
56 26 14
17 48 14
20 36 14
59 34 14
50 11 50
44 29 14
52 56 14
52 23 14
51 56 14
12 10 1
47 5 14
16 41 1
43 28 14
3 35 7
47 32 4
7 5 14
55 25 14
19 4 4
31 2 45
18 36 14
3 31 14
3 38 7
30 6 7
20 39 14
60 38 4
17 6 14
1 7 14
52 5 14
41 27 1
28 52 14
12 8 53
16 31 53
53 11 14
18 20 1
41 29 14
38 19 4
7 21 14
34 11 7
30 23 14
21 35 14
27 19 14
3 22 7
46 20 14
24 29 14
26 44 14
26 53 14
16 54 14
5 58 14
10 26 14
18 60 14
34 7 7
15 29 14
17 53 53
42 52 14
45 19 14
31 35 14
54 21 14
13 34 14
6 10 14
21 58 14
38 52 7
48 54 7
30 54 7
43 40 7
30 40 7
55 56 1
24 2 1
12 27 53
50 23 14
43 5 14
31 20 1
10 44 14
30 2 14
40 58 7
52 47 7
27 2 53
53 49 14
31 51 14
55 24 1
54 27 14
16 4 14
16 8 53
26 20 14
54 22 7
50 16 14
32 19 4
3 55 14
37 32 14
58 25 4
51 19 14
45 6 14
5 31 14
34 48 7
18 24 1
43 13 14
57 41 14
12 30 14
17 25 14
58 60 4
48 41 14
56 2 1
34 60 4
58 13 14
32 41 14
28 10 1
47 31 14
21 47 14
44 31 14
29 22 14
27 54 14
5 11 14
5 24 14
16 42 53
24 45 1
29 6 14
35 59 14
45 47 14
60 30 4
47 46
41 26 38
6 19 38
10 45 38
31 37 38
30 35 21
5 46 28
12 20 42
28 7 38
19 15 38
16 47 38
33 8 38
37 33 38
38 43 38
39 40 40
40 32 28
13 23 40
22 27 38
27 47 40
41 15 40
12 45 38
24 26 38
13 33 28
18 10 18
11 21 38
17 32 38
39 7 38
3 5 40
9 8 38
15 18 28
15 41 40
6 13 37
19 45 38
3 9 40
44 11 38
5 30 38
40 19 38
5 18 28
23 12 40
27 26 24
47 19 38
5 15 42
1 11 38
19 27 37
42 26 38
2 42 28
39 22 38
38 11
10 1 18
25 27 1
8 16 27
13 21 11
11 4 11
24 21 1
13 34 1
26 3 1
27 18 1
33 19 27
10 34 3
59 111
5 46 23
25 13 20
27 20 20
22 48 19
24 15 20
29 14 20
5 11 19
21 32 19
31 47 20
15 33 20
6 47 20
26 32 19
10 42 20
11 53 20
9 19 19
56 48 19
35 51 58
2 44 20
51 15 20
24 57 19
41 11 19
28 39 20
49 55 20
24 14 58
2 39 20
29 23 20
8 56 19
52 41 20
58 2 20
25 1 20
3 56 20
7 2 2
43 33 19
34 18 20
16 46 20
24 13 58
29 9 20
51 31 20
34 21 20
47 35 5
5 28 20
6 37 6
9 38 19
17 31 20
12 3 20
45 37 20
45 35 58
58 49 20
27 42 20
25 56 20
2 52 20
56 5 19
7 3 20
19 35 52
31 48 20
37 45 20
1 5 20
28 39 20
7 56 20
44 19 20
58 47 19
32 54 19
40 20 20
35 47 19
4 12 19
56 35 58
55 23 19
45 26 58
29 26 20
15 43 20
35 47 19
25 34 20
5 51 19
48 17 19
3 28 20
49 54 20
11 32 19
47 44 20
3 16 1
56 30 19
18 58 19
32 57 41
31 18 20
46 50 19
20 52 20
7 15 20
49 42 20
13 2 20
38 57 19
19 13 19
25 43 20
56 45 45
55 23 19
26 49 20
25 28 20
51 26 58
6 2 20
39 3 20
42 15 52
28 11 20
4 50 58
20 7 20
22 51 58
39 8 19
38 57 19
14 54 58
15 42 52
3 41 20
57 11 19
26 4 26
29 49 20
40 75
5 39 18
33 2 18
1 4 10
35 19 18
40 23 18
1 8 29
37 1 10
8 24 10
8 22 27
25 1 10
40 11 10
29 7 29
1 32 10
23 6 19
15 30 10
29 12 10
33 24 18
31 18 18
22 19 18
22 18 18
10 23 18
22 15 10
2 21 10
11 2 16
35 40 27
23 16 18
7 14 27
2 38 2
23 22 18
17 18 18
7 3 3
4 17 4
32 23 18
34 31 18
26 10 19
29 35 27
20 8 29
27 15 10
28 37 10
18 31 18
4 39 4
29 31 27
40 17 10
8 24 10
38 7 10
28 27 27
3 27 18
27 20 27
31 8 27
1 3 18
26 9 23
34 4 18
4 18 18
28 15 31
36 35 27
22 25 10
23 25 18
3 4 18
40 26 18
26 18 18
19 37 18
12 25 2
27 10 10
25 2 2
29 40 27
10 15 10
19 21 18
15 4 4
20 38 28
9 21 18
26 32 18
37 29 10
19 14 4
31 25 10
23 4 18
28 52
23 21 5
17 12 17
4 19 5
1 7 5
2 27 5
9 26 5
3 8 5
1 18 18
11 17 5
10 14 5
8 15 5
17 8 5
13 23 4
25 18 18
4 20 5
15 6 5
1 20 1
10 13 13
10 19 5
6 13 5
6 22 5
2 23 5
12 17 17
8 12 5
16 13 13
5 19 5
6 22 5
4 13 4
3 13 4
21 19 5
21 11 5
16 8 5
20 16 5
20 28 28
20 4 5
6 25 1
27 13 5
22 9 5
6 26 5
22 1 5
5 1 5
19 11 11
13 17 5
5 9 5
26 24 5
8 27 5
15 26 4
10 4 4
9 5 5
18 21 17
6 26 5
4 7 5
9 83
8 3 2
6 2 2
2 7 2
7 2 2
4 2 2
5 2 5
5 3 7
2 7 2
8 5 5
7 2 2
6 7 2
4 3 2
1 6 3
9 6 2
8 3 2
9 6 2
7 8 2
9 7 3
7 2 2
7 3 2
8 2 2
1 8 2
8 2 2
6 5 5
6 2 2
2 9 2
7 3 2
1 9 2
1 7 2
9 7 5
6 9 2
5 9 5
9 8 4
3 6 3
1 4 2
2 5 5
1 9 2
7 4 2
3 5 5
3 4 2
2 8 6
6 1 3
7 5 5
1 8 2
6 8 2
5 3 5
8 2 2
3 5 5
7 3 2
4 2 2
7 3 2
8 4 4
7 6 2
8 4 4
8 6 2
7 9 2
9 8 4
4 2 2
9 5 5
4 2 2
2 6 2
4 2 2
3 8 2
2 5 5
4 1 2
6 1 4
1 8 2
3 7 2
6 7 8
4 7 2
8 7 2
9 8 4
1 2 2
3 7 2
2 1 2
8 3 2
4 3 2
9 8 4
3 9 2
9 8 4
8 3 2
9 4 4
9 4 4
53 12
51 33 49
25 30 4
7 19 50
14 26 53
32 48 50
50 18 50
49 47 50
27 31 50
23 49 50
37 15 50
29 11 47
36 33 50
39 58
5 14 13
2 6 6
1 4 13
17 13 13
10 6 13
15 31 31
5 3 27
4 10 13
33 23 6
37 36 27
26 21 13
4 36 38
33 18 13
2 16 6
21 35 13
10 19 13
21 29 13
9 16 13
19 22 27
34 22 27
17 32 27
12 1 6
2 8 27
4 16 13
29 25 13
26 14 13
19 11 13
3 39 27
33 19 13
32 10 27
15 18 13
32 15 27
29 33 13
13 29 13
8 6 27
19 15 13
3 16 27
30 29 13
22 13 27
25 29 13
15 28 27
5 9 5
33 15 6
5 21 13
15 29 13
8 7 27
31 4 13
33 19 13
10 9 5
20 26 13
29 32 27
27 22 27
4 20 13
30 37 27
36 38 38
22 15 27
36 1 13
38 7 13
16 25
6 10 10
3 8 1
6 11 1
8 12 1
4 3 1
11 9 14
1 14 1
7 16 14
2 1 1
13 14 13
11 7 14
8 7 1
16 14 14
15 11 15
10 9 10
8 1 1
12 4 1
6 1 1
2 8 1
11 16 14
16 15 15
4 16 1
8 4 1
15 8 15
7 15 15
39 67
23 27 34
2 17 2
2 20 2
18 11 2
7 3 26
12 38 38
34 11 2
22 5 18
6 34 34
6 31 18
14 38 34
15 27 18
8 24 2
28 4 2
37 8 2
36 37 2
17 7 2
19 18 2
28 8 25
31 30 18
10 7 2
6 30 34
21 4 2
27 25 2
11 10 2
27 10 18
6 1 2
20 19 2
1 3 25
22 37 18
10 37 37
17 3 2
22 26 18
5 27 27
39 14 2
32 36 25
39 24 2
6 22 18
28 17 2
25 5 2
38 23 34
14 10 18
33 29 37
38 36 2
21 34 2
13 34 34
39 10 2
6 10 18
19 5 2
14 37 18
15 37 18
28 5 2
20 21 2
10 33 37
4 25 2
32 19 2
25 37 2
7 17 2
12 10 18
18 21 2
28 15 2
6 13 34
9 4 37
36 37 2
12 35 2
8 24 2
24 30 38
59 51
58 37 58
40 45 36
35 13 29
30 44 24
40 53 51
27 43 36
27 26 36
10 11 1
35 13 29
48 10 36
26 47 24
31 57 24
14 45 29
21 46 36
55 11 36
23 53 24
10 51 36
40 48 2
52 22 24
8 11 36
36 26 36
50 40 36
36 7 36
50 28 1
5 12 24
3 26 24
26 32 24
19 55 24
26 3 24
46 34 36
31 12 10
44 34 8
23 50 36
40 50 36
26 2 26
51 34 51
36 45 48
9 53 8
20 15 24
25 48 24
15 24 24
34 49 24
58 48 58
34 56 8
10 53 36
44 11 36
42 16 36
32 23 24
19 42 36
42 46 29
25 37 24
45 100
30 27 15
44 26 13
5 42 15
41 16 4
29 35 13
16 31 4
10 2 13
31 16 4
38 14 13
37 45 37
3 43 13
36 18 13
24 1 13
42 25 15
44 42 13
37 34 37
34 13 13
42 31 4
34 37 37
19 26 4
26 31 4
41 44 13
29 37 37
26 29 15
43 26 13
28 26 13
38 17 13
19 28 13
32 5 15
9 29 9
9 22 13
11 12 15
32 1 15
1 13 13
27 37 37
2 25 15
3 20 40
32 43 13
1 36 15
27 31 15
16 38 13
28 24 13
34 42 15
1 16 15
44 23 13
44 18 13
40 42 15
25 6 15
8 9 13
20 26 15
5 21 15
25 29 25
20 16 15
13 35 13
27 1 1
44 9 13
27 38 13
26 44 13
31 20 15
4 23 15
29 30 15
6 34 15
30 13 13
38 6 13
37 40 37
16 36 15
38 44 13
42 21 4
9 36 15
42 36 15
42 36 15
29 6 15
11 17 4
39 23 13
7 20 15
19 26 4
2 44 13
30 3 15
26 12 15
18 2 13
28 1 13
35 5 13
37 27 37
13 30 13
8 37 13
26 1 15
16 8 13
39 8 13
17 18 13
37 16 15
22 32 13
44 3 13
1 15 15
27 33 15
3 1 40
28 26 13
43 25 13
29 17 15
3 18 13
38 25 13
60 120
55 42 25
45 22 25
46 6 4
1 11 25
30 33 25
35 5 25
25 20 25
25 23 25
43 51 4
37 58 9
34 49 9
19 34 45
27 6 4
35 48 4
47 36 25
17 30 25
1 59 25
23 21 25
49 48 4
60 6 4
58 8 4
51 47 25
17 5 17
8 50 4
32 19 4
56 25 25
17 25 25
3 10 25
34 57 9
17 45 25
60 26 25
13 27 25
31 20 4
26 24 25
42 35 4
46 4 4
8 27 4
21 9 25
12 30 4
60 35 35
2 60 4
32 6 32
52 58 9
38 19 25
34 14 25
29 47 25
7 57 7
5 38 17
54 56 4
12 4 4
29 30 4
29 35 4
53 3 25
47 22 25
41 54 25
52 24 4
11 44 25
16 38 17
43 9 9
37 4 4
56 18 25
46 36 36
43 13 25
30 13 25
4 10 4
27 29 9
46 14 25
53 42 25
33 2 25
58 60 4
33 15 25
9 41 25
42 1 4
49 23 9
47 43 25
9 57 9
17 60 25
8 58 4
23 52 9
7 4 4
48 35 4
51 34 4
42 48 4
25 21 25
31 51 4
13 39 25
13 53 13
27 21 25
54 42 4
38 40 55
59 42 25
44 56 4
53 30 25
41 8 25
28 22 25
5 11 25
16 17 17
11 3 25
50 59 25
25 33 25
38 2 25
4 59 25
1 19 4
32 50 4
54 13 25
9 52 9
3 39 25
26 46 25
28 42 25
18 48 25
7 2 2
41 6 25
32 4 4
22 35 25
28 20 25
7 3 25
47 58 25
21 34 25
8 20 8
51 5 25
9 29
8 1 4
4 8 4
6 8 4
6 3 7
5 7 4
1 2 4
1 2 4
4 5 4
7 6 7
2 3 4
1 4 4
4 7 4
7 8 4
8 3 4
8 3 4
1 8 4
9 2 4
4 9 4
8 5 4
4 3 4
7 3 7
8 3 4
8 2 4
2 4 4
1 4 4
5 6 4
3 5 4
6 5 4
6 8 4
60 120
52 41 58
51 10 59
40 34 59
5 18 59
39 2 59
45 33 13
43 2 59
7 21 59
60 36 17
55 22 59
15 47 59
13 41 59
28 23 59
12 17 59
46 47 59
28 59 59
49 6 59
35 31 39
11 57 59
54 6 59
19 4 59
5 31 59
26 30 59
10 60 17
50 35 59
14 33 59
42 33 59
40 17 59
11 14 58
31 29 39
33 6 59
4 30 59
18 15 33
31 55 59
53 46 30
38 6 59
36 57 59
29 18 59
39 12 39
31 23 59
17 25 59
43 26 59
5 17 59
29 10 59
27 32 59
21 60 59
18 17 17
21 55 45
26 22 59
28 5 59
43 59 59
58 55 59
48 43 39
54 43 59
50 7 58
60 39 10
51 34 13
36 3 59
54 52 58
27 40 58
13 48 13
55 13 59
11 27 11
32 31 13
26 59 59
12 42 59
13 49 59
4 32 59
29 58 59
50 25 58
36 32 59
8 55 59
33 17 59
5 34 59
35 20 59
44 13 59
8 43 54
58 54 58
27 16 59
41 11 11
14 23 5
57 27 59
55 49 59
17 47 17
8 24 59
16 41 59
11 24 59
18 38 59
10 2 59
20 1 1
6 46 59
59 36 59
39 6 59
56 31 59
21 23 59
12 38 4
60 15 59
45 59 59
8 27 58
43 38 59
42 48 59
17 55 17
36 12 59
26 16 4
42 19 59
35 46 59
53 37 59
17 52 59
22 7 58
27 45 59
23 34 59
43 30 59
54 10 59
2 14 58
27 24 59
50 23 58
41 7 58
24 27 59
2 10 59
31 43 39
41 75
23 1 30
30 28 30
38 1 30
9 14 30
37 12 2
14 25 30
4 20 35
26 18 30
18 1 30
14 21 12
18 6 12
31 1 30
20 27 30
18 13 9
28 23 30
14 2 12
26 38 30
13 26 30
4 8 30
26 33 30
35 23 30
32 4 30
38 39 30
25 40 30
17 40 20
19 40 40
32 16 30
25 9 30
7 10 30
12 26 30
25 23 30
22 11 30
15 9 30
13 12 30
37 5 30
16 1 30
11 4 2
26 17 30
40 9 39
17 14 30
6 28 30
41 6 30
29 8 30
19 21 30
20 23 30
19 33 17
27 41 30
27 40 30
33 4 30
3 39 39
16 26 30
26 14 30
19 1 39
33 16 38
34 13 30
34 30 30
12 1 25
29 32 30
23 28 30
37 29 30
31 17 30
28 33 30
25 9 30
12 34 30
33 35 31
14 23 30
9 13 32
18 14 30
21 3 30
9 23 30
40 20 30
28 11 30
22 32 30
7 9 30
3 34 30
5 89
3 5 3
2 5 3
4 5 4
4 3 3
5 2 3
1 5 3
5 2 3
4 3 3
1 4 3
4 2 3
4 5 4
5 1 3
1 2 1
5 1 3
4 1 3
4 3 3
5 1 3
5 1 3
3 1 3
3 5 3
3 4 3
3 4 3
5 1 3
1 3 3
5 2 3
3 5 3
4 3 3
3 2 3
1 4 3
4 1 3
5 1 3
3 5 3
5 3 3
3 5 3
2 3 3
5 2 3
2 4 3
5 4 4
4 2 3
3 5 3
1 2 1
4 1 3
1 5 3
1 5 3
4 2 3
3 4 3
4 1 3
2 5 3
1 3 3
5 1 3
2 5 3
5 4 4
3 5 3
5 1 3
2 3 3
5 2 3
5 2 3
2 5 3
3 4 3
4 5 4
4 3 3
3 5 3
4 3 3
3 4 3
1 3 3
3 2 3
1 5 3
5 1 3
2 4 3
3 5 3
3 4 3
2 3 3
2 4 3
4 2 3
4 3 3
3 4 3
5 3 3
4 3 3
1 5 3
1 5 3
1 2 1
5 4 4
4 2 3
5 3 3
2 3 3
1 3 3
4 5 4
2 3 3
4 3 3
47 18
42 4 39
30 11 39
11 29 15
19 30 12
15 3 17
43 27 43
46 15 15
6 34 15
33 30 15
20 15 15
24 37 39
44 47 15
23 7 39
25 10 33
45 32 15
42 10 39
12 7 39
21 18 15
56 83
18 27 6
20 52 52
33 53 52
2 14 11
24 55 52
11 33 52
38 17 11
16 50 52
29 14 11
19 9 52
17 18 6
17 14 11
55 2 11
1 45 45
6 49 6
19 52 52
56 55 11
26 2 26
41 33 52
1 32 6
31 30 52
14 24 52
32 24 52
42 14 11
54 41 54
22 41 52
38 47 6
27 39 6
50 3 12
7 41 11
18 37 6
44 19 11
33 35 52
29 48 11
21 22 52
42 31 11
31 11 11
20 34 6
20 30 52
33 34 52
56 41 11
30 36 52
49 36 6
43 56 26
41 19 11
35 38 6
36 6 6
56 1 11
21 42 11
2 6 6
45 26 11
41 11 11
52 26 52
30 42 52
21 7 11
14 13 11
22 50 52
22 41 52
21 28 6
15 37 6
43 33 52
27 25 11
20 23 11
6 17 6
21 45 11
37 42 11
28 46 6
26 9 52
36 45 11
53 33 52
29 9 52
44 19 11
15 40 52
35 12 6
16 4 52
36 4 26
1 51 11
32 27 6
4 48 26
44 13 11
40 53 52
13 5 11
35 11 6
8 114
3 4 2
3 6 2
8 4 1
1 8 1
4 7 2
4 1 1
7 8 1
6 3 2
8 3 1
8 2 1
6 5 2
6 7 2
4 6 4
6 3 2
3 4 2
4 7 2
5 8 1
4 8 1
5 3 2
6 8 1
8 3 1
8 3 1
7 3 2
1 8 1
4 1 1
2 6 2
1 8 1
5 8 1
5 2 2
8 4 1
1 4 1
3 6 2
1 2 1
7 5 2
3 2 2
6 4 4
1 6 1
5 6 2
8 4 1
5 4 2
8 4 1
6 8 1
7 6 2
5 4 2
4 5 2
2 3 2
4 6 4
4 8 1
1 4 1
3 5 2
5 8 1
7 6 2
1 5 1
4 6 4
4 8 1
3 7 2
7 2 2
8 7 1
1 6 1
1 4 1
7 3 2
4 5 2
8 6 1
5 2 2
3 5 2
3 2 2
5 3 2
8 1 1
3 1 1
4 6 4
6 7 2
5 6 2
1 5 1
4 8 1
1 2 1
7 8 1
6 1 1
8 2 1
8 2 1
5 1 1
4 5 2
6 1 1
3 8 1
2 3 2
5 3 2
8 5 1
8 5 1
8 3 1
2 4 2
7 2 2
4 8 1
4 1 1
1 2 1
8 7 1
6 2 2
6 5 2
5 3 2
7 5 2
3 6 2
5 2 2
2 5 2
6 4 4
1 3 1
4 1 1
5 4 2
6 3 2
6 7 2
1 3 1
8 6 1
3 1 1
4 1 1
6 5 2
2 7 2
6 1 1
17 10
16 6 8
10 17 9
8 5 9
14 2 8
10 12 9
12 11 9
11 8 11
10 11 11
9 16 9
14 11 11
16 88
3 2 1
1 12 1
1 13 4
5 9 5
11 10 4
4 10 4
7 12 7
9 5 5
6 4 4
14 15 1
14 13 4
4 15 4
16 15 1
11 9 4
16 1 1
7 9 4
15 5 4
13 12 4
7 2 1
3 11 11
15 12 7
14 6 1
7 8 1
6 3 1
15 3 1
16 3 11
12 7 7
7 1 1
1 15 1
6 3 1
13 3 4
10 12 4
15 2 1
8 1 1
8 7 1
15 3 1
1 2 1
15 14 1
8 2 1
16 1 1
16 10 4
10 13 4
6 1 1
15 7 7
7 13 4
5 16 4
5 13 4
4 6 4
6 9 4
14 1 1
4 11 4
11 15 1
3 10 4
12 14 1
1 7 1
11 15 1
14 7 1
12 8 1
9 3 4
3 14 1
16 10 11
8 3 1
4 13 4
4 3 4
13 4 4
14 6 1
3 8 1
4 5 4
15 14 1
5 1 4
10 2 4
15 16 1
1 2 1
11 4 4
2 9 4
7 16 1
10 9 4
15 2 1
3 8 1
7 16 6
10 7 4
6 11 1
15 6 1
5 10 4
11 13 4
16 15 1
2 8 1
9 4 4
6 100
3 6 3
5 4 6
3 5 3
3 1 3
1 4 4
3 2 3
2 5 2
3 2 3
5 6 6
6 2 6
1 3 3
5 2 2
2 4 6
6 5 6
3 2 3
5 1 6
6 5 6
6 1 6
6 3 3
5 4 6
6 5 6
2 1 6
6 5 6
4 6 6
5 2 2
4 3 3
1 2 6
5 4 6
5 2 2
1 2 6
6 1 6
5 6 6
1 5 6
4 3 3
1 2 6
4 6 6
6 5 6
3 2 3
1 5 6
5 3 3
4 2 6
3 4 3
1 6 6
2 1 6
2 1 6
3 1 3
5 3 3
1 5 6
1 2 6
1 3 3
3 2 3
3 4 3
5 1 6
1 4 4
4 5 6
3 1 3
1 2 6
3 4 3
4 2 6
5 4 6
2 4 6
5 3 3
5 4 6
3 6 3
6 3 3
5 2 2
5 2 2
5 1 6
3 1 3
6 3 3
5 3 3
2 6 6
1 2 6
4 1 4
1 5 6
3 5 3
1 3 3
5 3 3
6 5 6
4 2 6
3 4 3
3 1 3
2 5 2
5 2 2
2 1 6
3 2 3
5 6 6
1 2 6
6 1 6
1 3 3
1 4 4
2 3 3
4 6 6
3 2 3
4 3 3
1 5 6
4 2 6
5 2 2
1 3 3
3 6 3
60 120
14 1 13
50 14 23
1 34 57
31 21 57
34 52 57
51 42 22
60 21 22
21 45 13
52 20 13
34 46 57
3 33 13
41 58 13
26 39 13
16 32 13
36 48 13
19 9 22
47 44 22
57 8 13
40 23 13
16 30 22
38 49 13
28 22 22
51 16 22
40 41 22
24 42 57
9 59 13
19 42 57
44 8 13
29 59 13
21 48 22
55 16 22
51 19 22
34 5 13
41 36 13
33 60 13
21 33 13
39 20 13
32 33 23
3 41 6
42 21 42
18 45 13
17 55 13
9 48 9
14 22 13
33 56 13
1 47 6
48 33 13
32 9 13
50 22 13
17 53 13
54 44 22
16 41 22
52 44 22
60 52 22
56 50 13
33 21 13
47 7 22
37 9 9
39 24 22
3 56 22
28 43 28
53 27 13
23 2 23
23 39 13
15 13 13
59 16 13
40 44 16
9 18 22
10 27 13
46 51 22
40 59 13
10 27 13
3 7 22
11 50 13
14 40 13
14 21 13
13 15 13
15 25 13
44 46 22
34 5 13
42 27 13
38 47 22
20 55 13
14 15 59
2 59 23
52 35 22
54 43 6
32 13 13
30 49 13
35 52 22
55 2 13
49 26 36
44 4 13
25 22 22
55 36 13
46 3 6
52 26 13
42 11 22
55 12 22
4 1 13
32 30 13
3 46 6
59 56 13
42 59 13
51 29 22
15 1 13
52 33 13
46 7 22
10 8 13
24 44 22
53 13 13
35 22 22
45 43 13
18 3 6
33 23 23
3 58 13
46 7 22
58 42 13
54 31 6
1 34 57
60 120
14 31 47
42 55 6
22 26 47
6 32 15
29 49 47
57 15 15
48 41 47
35 44 15
20 40 39
56 25 37
38 49 15
28 51 15
39 56 15
7 13 47
10 56 15
37 10 15
33 28 47
11 41 11
31 15 15
8 48 47
48 49 47
56 54 15
19 42 47
32 11 47
31 10 15
47 1 47
53 45 15
30 27 15
12 38 15
28 3 15
43 25 15
46 17 47
52 11 47
40 15 15
17 58 17
25 40 15
53 7 53
27 23 47
23 10 47
4 6 47
59 38 47
2 10 15
42 59 47
23 47 47
57 13 47
56 30 15
58 41 47
54 48 47
45 16 15
56 58 15
56 60 60
46 24 46
19 52 47
37 36 6
57 5 55
35 54 35
44 9 47
3 31 15
4 53 47
15 40 15
12 28 37
56 5 37
58 27 15
25 32 15
59 8 47
7 5 28
60 25 37
33 18 47
38 8 47
45 30 39
3 42 15
26 55 47
18 6 15
43 9 47
46 17 47
50 30 15
59 1 47
38 13 47
3 19 47
35 41 47
26 55 47
25 13 47
6 4 47
16 52 6
51 26 47
57 12 37
51 50 15
11 60 47
30 26 47
1 57 15
12 16 37
42 49 15
47 29 47
22 60 37
12 2 6
58 43 58
8 54 47
34 20 15
57 3 15
27 10 15
25 20 15
2 21 47
4 27 47
46 40 47
54 22 15
1 36 15
25 43 15
60 13 47
10 57 15
9 25 47
25 30 15
52 7 6
4 33 47
55 49 15
48 10 47
34 27 55
42 43 15
29 30 47
24 36 47
28 58 15
43 43
18 12 5
23 1 5
4 5 5
16 17 14
27 29 14
36 11 5
5 14 5
32 27 14
5 24 5
14 3 5
7 15 5
34 38 38
17 40 14
24 15 15
23 29 23
2 28 5
22 32 23
1 13 5
14 29 14
12 2 5
28 14 5
26 33 5
25 28 5
23 3 5
18 19 23
22 26 5
15 29 5
11 24 5
31 32 14
15 17 5
6 30 5
36 1 5
27 20 5
19 12 5
30 21 23
14 27 14
29 17 14
3 22 5
9 31 31
24 42 5
17 7 14
38 23 23
36 19 36
60 120
12 15 3
4 26 58
17 24 3
56 40 12
47 22 3
60 57 3
23 45 3
60 4 58
37 28 52
60 52 52
47 5 3
44 10 52
45 22 3
18 21 3
46 18 3
49 40 52
43 19 19
3 14 3
34 56 48
59 8 48
9 17 3
11 39 3
10 12 3
39 6 3
50 24 58
18 54 3
39 54 3
13 5 5
12 37 3
48 32 3
58 60 58
54 51 58
13 5 5
54 36 48
48 20 48
15 29 52
12 46 3
44 48 48
6 52 52
16 6 52
7 11 3
43 10 48
14 55 14
11 36 3
7 8 48
32 23 3
45 36 3
57 55 3
56 44 48
21 16 58
57 32 3
37 23 52
40 27 3
28 20 52
55 29 3
33 52 52
28 24 58
25 38 48
2 45 3
14 55 14
52 42 52
12 3 3
4 22 3
3 47 3
16 25 48
14 22 9
39 9 30
35 17 3
20 9 3
30 11 3
51 23 51
7 60 58
37 35 29
31 39 3
42 17 3
32 25 3
46 58 3
22 54 3
25 3 3
8 17 3
9 3 3
40 32 3
7 59 58
30 20 52
40 50 52
28 35 52
2 25 48
38 47 3
60 49 58
35 41 29
31 48 48
6 12 3
54 40 52
41 33 52
59 28 58
33 47 3
15 13 52
43 14 3
58 34 58
20 37 52
56 33 48
30 37 52
20 48 48
60 34 58
24 13 52
25 34 48
38 59 48
41 11 3
40 22 3
50 47 3
57 43 39
43 16 48
34 60 58
19 56 19
50 31 52
21 57 3
33 57 3
11 58 3
6 31 29
11 32 3
57 63
10 32 42
23 26 14
29 16 17
26 32 42
5 20 42
45 35 14
37 22 42
25 45 45
41 20 14
23 1 14
8 33 42
19 26 42
56 32 5
1 15 42
27 20 14
36 7 14
40 54 42
43 20 14
31 47 47
27 45 14
24 51 1
20 29 17
45 8 42
7 43 43
25 20 17
41 44 14
3 31 14
8 18 42
25 41 14
52 4 42
22 19 42
4 39 42
26 37 14
51 47 42
46 2 42
41 55 42
19 3 42
50 27 14
2 26 42
45 10 17
17 43 14
55 23 42
15 2 42
48 36 14
30 50 17
49 39 49
5 12 54
4 3 42
31 48 14
50 1 14
57 16 14
9 54 42
1 45 14
57 37 14
32 13 42
35 9 14
33 27 14
55 28 42
38 8 42
21 42 42
9 11 17
32 52 42
38 39 43
11 74
10 5 2
9 3 9
1 10 1
6 4 2
5 2 2
8 9 9
11 7 11
9 4 2
7 2 2
6 5 9
10 3 2
9 3 9
2 5 2
4 8 2
9 11 9
11 5 5
11 9 9
11 4 2
9 1 2
11 9 9
7 11 11
9 11 9
4 1 4
6 2 2
9 10 2
11 5 5
5 8 8
5 2 2
1 4 4
7 3 9
8 9 9
7 1 2
5 6 9
8 3 9
3 5 9
3 10 2
6 7 9
11 7 11
5 7 5
1 11 2
2 3 2
6 3 6
9 4 2
2 3 2
11 7 11
8 2 2
8 2 2
8 11 8
7 3 9
8 4 2
11 7 11
11 5 5
11 6 9
2 7 2
3 9 9
9 11 9
5 1 2
10 4 4
6 5 9
4 9 2
11 6 9
10 7 2
1 8 2
2 10 2
2 7 2
3 9 9
4 2 2
6 11 9
6 1 2
10 11 2
6 1 2
6 7 9
8 4 2
3 7 9
35 94
19 12 2
5 8 5
35 14 2
8 20 20
4 1 16
25 34 24
9 18 2
21 25 5
2 18 2
29 5 5
19 15 30
33 6 6
35 6 6
13 17 2
8 4 16
16 2 2
33 14 2
9 6 11
11 4 11
16 27 16
32 9 32
14 29 2
14 5 2
9 5 11
18 6 2
21 14 2
8 7 2
9 14 2
22 11 11
10 15 2
5 14 2
16 12 2
29 32 11
34 28 5
9 18 2
32 10 2
13 30 2
13 10 13
24 10 2
7 17 2
7 2 2
15 23 30
10 32 2
2 17 2
30 6 30
1 32 11
20 18 2
19 16 16
2 20 2
26 9 11
6 2 2
28 33 5
2 33 2
18 35 2
1 6 6
13 24 2
14 22 2
26 18 2
2 10 2
26 8 16
19 10 2
6 24 5
5 34 5
31 7 2
28 15 5
6 2 2
8 30 30
28 30 5
14 3 3
27 24 5
9 14 2
5 14 2
8 33 33
2 11 2
4 5 5
10 18 3
2 4 2
24 18 2
35 22 20
33 27 30
1 12 2
28 12 2
23 30 30
17 30 5
2 20 2
15 16 16
11 8 11
1 12 2
32 31 2
1 8 1
34 7 2
20 24 5
9 19 11
24 31 2
39 28
37 1 11
15 3 11
32 20 26
35 17 11
21 13 11
6 32 11
2 37 21
3 16 11
37 15 11
26 8 21
10 6 11
26 27 11
3 32 21
33 13 11
28 29 11
30 36 21
8 29 11
33 10 11
35 10 11
3 20 21
15 4 11
4 10 4
30 17 11
23 38 11
30 36 6
8 35 21
14 3 11
17 6 11
3 3
1 2 2
2 3 3
3 1 1
43 104
40 33 12
6 17 21
37 28 25
2 37 25
13 17 21
32 26 32
17 29 34
24 14 32
5 7 25
30 2 32
26 12 41
9 14 32
33 6 21
7 30 32
27 10 21
7 6 21
8 13 8
28 23 25
26 2 25
4 30 38
15 11 41
18 29 23
6 18 21
36 40 41
29 24 23
11 38 38
20 8 32
1 7 25
7 3 25
35 30 32
4 35 32
5 12 41
25 17 21
38 37 32
36 18 41
10 16 21
35 17 21
14 11 20
17 1 21
35 22 26
19 31 14
23 18 23
15 36 21
2 23 25
41 42 41
41 7 41
41 31 41
8 2 25
18 14 32
14 35 32
24 5 25
40 22 25
39 18 25
21 10 21
30 3 32
15 30 21
32 26 32
33 14 32
8 42 25
35 14 32
40 34 41
31 7 4
39 35 5
28 27 32
35 37 25
15 11 21
32 11 32
7 40 7
27 10 21
20 21 21
25 19 32
19 11 19
3 10 21
30 21 21
24 13 25
1 40 25
14 16 32
28 23 25
40 17 21
14 35 42
29 15 9
12 1 41
1 14 34
32 41 32
7 30 32
30 32 32
42 16 25
1 33 25
11 42 32
24 43 25
27 36 32
40 29 25
5 31 25
26 11 32
33 10 21
11 2 32
14 2 32
8 43 25
19 14 19
15 3 38
20 34 32
33 12 41
43 37 25
39 26 5
60 116
1 3 1
1 4 1
2 3 2
2 4 2
3 5 3
3 6 3
4 5 4
4 6 4
5 7 5
5 8 5
6 7 6
6 8 6
7 9 7
7 10 7
8 9 8
8 10 8
9 11 9
9 12 9
10 11 10
10 12 10
11 13 11
11 14 11
12 13 12
12 14 12
13 15 13
13 16 13
14 15 14
14 16 14
15 17 15
15 18 15
16 17 16
16 18 16
17 19 17
17 20 17
18 19 18
18 20 18
19 21 19
19 22 19
20 21 20
20 22 20
21 23 21
21 24 21
22 23 22
22 24 22
23 25 23
23 26 23
24 25 24
24 26 24
25 27 25
25 28 25
26 27 26
26 28 26
27 29 27
27 30 27
28 29 28
28 30 28
29 31 29
29 32 29
30 31 30
30 32 30
31 33 31
31 34 31
32 33 32
32 34 32
33 35 33
33 36 33
34 35 34
34 36 34
35 37 35
35 38 35
36 37 36
36 38 36
37 39 37
37 40 37
38 39 38
38 40 38
39 41 39
39 42 39
40 41 40
40 42 40
41 43 41
41 44 41
42 43 42
42 44 42
43 45 43
43 46 43
44 45 44
44 46 44
45 47 45
45 48 45
46 47 46
46 48 46
47 49 47
47 50 47
48 49 48
48 50 48
49 51 49
49 52 49
50 51 50
50 52 50
51 53 51
51 54 51
52 53 52
52 54 52
53 55 53
53 56 53
54 55 54
54 56 54
55 57 55
55 58 55
56 57 56
56 58 56
57 58 57
58 59 58
59 60 59
60 57 60
59 31
11 28 8
31 6 8
1 26 8
34 33 8
17 40 8
13 41 8
55 1 5
13 55 8
55 11 8
43 10 21
21 6 16
27 33 27
8 57 8
46 26 8
41 49 8
23 58 8
4 35 53
17 53 8
23 41 8
52 41 52
3 42 8
12 45 8
43 16 8
30 9 8
14 42 53
37 38 8
57 33 27
36 34 8
20 1 8
54 55 55
53 33 8
44 104
12 43 39
2 24 8
32 12 39
16 10 39
24 14 8
32 11 15
1 32 39
37 9 39
6 20 39
4 35 28
36 28 39
36 27 27
13 19 8
31 8 8
16 11 8
9 26 18
13 30 39
22 13 39
4 17 18
33 42 5
18 10 39
14 24 8
40 1 1
2 12 8
8 15 8
32 5 39
43 20 39
41 43 10
22 23 39
4 20 8
8 16 8
10 7 39
6 17 39
14 43 39
25 38 39
34 40 8
22 37 39
18 22 39
11 24 8
3 35 39
37 41 39
25 9 39
32 37 39
4 31 28
5 27 39
7 16 8
27 18 9
3 28 39
14 33 34
3 24 39
10 30 29
24 6 39
44 21 39
32 10 29
19 44 8
23 15 15
32 36 29
39 30 39
13 14 8
24 26 8
24 2 8
44 15 8
36 34 39
44 1 28
22 5 39
5 31 9
9 10 39
18 43 29
23 26 8
41 3 29
36 33 39
34 26 8
31 5 28
8 30 39
14 36 39
28 22 39
6 27 27
26 12 18
33 9 8
34 1 8
26 38 18
40 13 8
1 34 8
4 13 8
16 1 8
39 9 39
42 9 39
44 28 28
19 5 8
4 10 39
43 44 39
13 5 12
31 19 8
2 44 8
17 33 8
33 29 39
23 9 8
41 17 39
41 21 41
19 37 39
20 39 39
39 34 39
8 14 8
31 5 28
48 93
4 28 39
26 17 48
9 31 28
27 12 37
43 31 1
13 16 37
7 46 37
45 28 37
43 9 1
43 42 1
10 47 37
9 8 9
47 39 48
43 38 1
29 24 48
48 19 37
1 27 1
13 44 48
25 20 37
27 12 37
38 33 37
3 18 37
42 24 37
48 13 48
10 26 37
48 34 37
45 36 37
19 33 37
30 15 1
34 38 37
14 9 1
18 48 37
11 23 37
6 28 37
16 37 37
26 33 37
8 41 37
23 34 37
30 34 1
14 12 1
3 10 37
29 22 37
40 5 48
22 48 37
15 16 37
15 22 37
30 37 1
28 29 48
27 20 37
23 18 37
32 9 28
24 31 28
40 42 37
13 23 36
48 7 37
19 23 37
38 42 37
42 5 37
13 39 39
36 18 37
39 42 37
21 25 21
24 45 37
20 47 48
41 33 37
41 35 37
3 1 1
12 45 37
47 20 48
12 48 37
28 26 28
37 9 37
24 43 1
8 47 48
5 45 37
38 3 28
38 13 36
37 47 37
47 34 37
41 25 37
23 30 1
27 46 37
25 14 1
21 41 37
46 23 28
20 11 37
20 9 39
4 34 37
10 45 37
39 36 39
17 40 48
14 18 1
28 40 48
55 59
52 11 53
53 40 53
17 2 53
45 26 53
40 26 53
21 33 53
52 6 9
10 34 53
19 20 9
41 22 53
44 43 53
8 46 53
17 1 23
17 24 23
28 16 9
34 36 53
53 38 53
2 12 53
24 47 9
38 40 53
6 28 9
39 45 53
36 14 16
23 25 53
38 41 53
1 4 53
20 9 9
49 50 53
53 11 53
11 41 53
6 38 53
30 1 23
44 50 53
48 1 53
13 17 23
13 12 9
32 1 9
5 2 53
35 41 9
44 21 53
26 8 53
55 40 53
15 31 53
42 18 53
48 16 53
37 9 9
20 6 9
30 10 9
23 33 53
47 42 9
31 50 53
23 4 53
27 9 9
9 32 9
20 11 53
4 33 53
17 53 53
7 48 53
48 40 53
28 107
22 8 27
12 15 25
6 12 24
7 16 7
14 11 11
23 4 25
18 23 23
12 1 25
27 16 25
26 22 25
17 5 25
3 17 7
1 22 20
12 3 25
17 19 7
26 19 25
18 12 25
4 9 25
8 15 25
26 14 25
16 15 7
14 6 10
15 26 25
20 13 7
14 2 27
21 6 21
7 6 25
7 14 25
28 6 25
13 18 25
21 26 25
9 24 25
26 6 25
26 10 26
20 16 7
19 5 25
1 4 25
23 22 25
5 17 25
20 26 25
3 26 25
4 10 25
20 28 20
6 27 27
23 8 25
23 14 25
5 28 25
3 11 25
13 28 7
13 21 25
21 27 27
6 11 11
8 18 25
2 11 11
28 25 25
12 23 25
7 15 7
9 14 12
1 26 25
10 3 25
27 17 25
25 12 25
22 19 25
23 19 25
23 10 23
13 10 25
9 7 25
16 28 7
3 12 25
27 17 25
13 5 25
22 23 25
23 27 25
18 2 25
15 9 25
25 19 25
13 26 25
14 4 4
12 23 25
23 4 25
7 8 8
1 4 25
24 3 25
17 12 25
25 5 25
13 4 25
14 5 25
22 5 25
1 6 25
19 20 20
24 3 25
19 26 25
23 21 25
25 21 25
23 13 13
1 28 25
14 16 25
20 28 20
15 7 7
18 13 25
10 15 25
24 15 25
6 24 24
28 23 25
4 16 25
27 12 27
13 15 15
34 62
33 30 16
28 23 16
22 1 1
8 15 16
9 27 16
19 18 16
7 34 16
1 19 10
18 10 1
5 6 16
1 27 13
29 3 11
7 15 16
1 21 16
1 7 16
10 3 16
20 26 16
17 6 17
29 11 16
12 5 16
7 22 16
2 5 21
1 6 16
17 2 16
19 30 16
4 10 16
18 22 12
2 8 16
13 18 18
17 30 16
32 5 16
20 27 16
4 32 16
32 3 13
11 2 16
16 19 16
33 26 16
22 33 16
23 11 11
10 21 16
34 22 16
11 18 16
30 5 16
16 12 16
13 16 16
34 17 16
1 7 16
26 13 16
2 29 16
6 28 16
10 15 16
10 5 16
18 15 16
24 12 13
28 13 34
26 33 16
16 30 16
21 34 16
17 5 3
8 33 16
31 4 16
4 8 16
4 2
2 1 2
1 4 3
39 68
11 15 24
1 2 24
16 5 31
3 39 31
30 10 31
18 27 24
29 2 29
38 23 24
15 12 24
5 10 31
20 11 24
5 17 31
25 30 24
38 27 24
15 20 24
13 7 24
2 37 24
34 18 31
30 10 31
36 34 24
11 5 31
39 35 24
2 10 24
24 29 24
17 16 31
7 4 24
10 37 31
32 1 31
24 7 24
29 1 24
33 31 31
9 33 31
38 25 24
12 9 24
37 4 31
28 7 36
6 31 31
22 20 24
31 39 31
39 16 31
8 23 24
16 19 24
16 4 31
13 7 24
38 36 24
18 3 31
4 38 38
15 10 24
16 14 31
5 32 8
6 26 31
29 5 24
4 28 24
33 8 31
34 14 31
34 30 31
23 11 24
35 4 24
16 35 24
1 12 24
14 32 31
7 26 24
7 13 24
13 31 31
26 4 31
36 27 36
2 7 36
23 5 24
8 37
5 3 4
1 7 4
1 2 2
7 3 4
2 5 2
7 1 4
6 1 2
7 8 4
6 4 2
2 6 2
7 1 4
1 6 2
8 5 4
3 5 4
8 3 3
6 4 2
4 8 4
6 3 8
4 2 2
6 3 2
4 2 2
6 8 2
7 4 4
5 8 4
1 5 4
4 6 2
8 3 3
3 2 7
8 2 2
6 5 2
3 8 3
4 1 4
3 4 4
6 3 2
7 3 4
5 6 2
7 1 4
58 31
7 9 9
22 57 22
30 3 48
37 36 48
35 33 22
14 18 48
58 55 22
38 39 4
14 32 14
53 29 39
22 39 4
16 49 48
29 37 4
49 28 22
51 47 48
31 44 48
27 38 48
45 19 43
35 10 4
9 51 48
27 55 22
34 1 48
17 12 43
8 24 48
20 15 48
38 52 48
14 2 48
41 48 48
28 52 22
15 22 22
8 36 48
23 39
9 14 1
23 2 1
23 1 1
13 2 1
13 6 21
5 1 1
7 17 1
11 17 1
9 7 21
10 1 1
6 20 1
1 3 1
11 18 1
4 12 21
5 7 5
7 16 7
15 16 16
15 7 7
18 6 1
15 23 1
17 4 1
1 22 1
6 1 1
17 12 1
17 3 1
2 7 1
2 3 1
15 19 1
16 15 16
7 12 21
9 8 1
8 6 1
12 21 21
3 12 1
1 5 1
4 2 1
20 3 1
2 13 1
19 9 1
20 116
5 4 4
7 2 16
7 12 16
10 13 4
1 12 5
9 16 9
12 16 16
3 1 16
7 11 16
17 19 16
6 12 16
20 10 9
17 12 16
14 6 16
11 6 16
2 8 8
13 9 9
1 16 16
9 16 9
17 7 16
6 17 16
19 18 16
16 17 16
18 20 9
18 1 16
13 8 16
18 4 16
15 2 16
10 2 16
13 9 9
15 9 9
20 4 9
3 6 16
2 11 11
6 8 16
20 15 9
15 6 16
15 17 16
19 8 16
16 11 16
3 5 16
18 12 16
6 7 16
8 12 16
10 17 16
9 5 9
14 19 16
6 18 16
19 14 16
11 15 16
1 7 16
6 16 16
16 10 16
5 14 16
20 3 9
11 12 16
2 5 16
14 12 16
12 7 16
2 11 11
20 12 9
7 17 16
4 20 9
17 11 14
6 14 16
9 1 9
15 3 16
15 9 9
6 12 16
10 13 4
15 16 16
20 9 9
14 11 14
9 2 9
19 15 16
9 8 9
6 2 16
18 20 9
13 14 16
20 5 9
5 16 16
9 20 9
19 6 16
11 17 14
16 2 16
19 4 16
4 12 4
15 8 16
7 15 16
14 12 16
10 8 16
4 11 16
20 3 9
13 4 4
7 19 19
15 10 16
14 10 16
18 11 8
7 2 16
14 17 14
12 20 9
9 8 9
14 4 16
18 1 16
7 3 19
2 5 16
11 13 16
1 14 16
3 7 19
2 19 16
14 15 16
18 7 16
11 17 14
11 4 16
10 9 9
10 11 16
36 53
26 30 1
31 14 11
7 17 32
14 15 1
1 15 1
33 23 32
7 9 32
33 15 1
26 13 26
23 35 32
2 1 1
5 30 5
11 7 32
12 25 1
10 14 1
36 6 32
31 27 1
32 1 32
6 21 32
29 28 32
32 13 32
8 29 32
9 25 32
6 30 32
13 4 25
27 7 32
32 17 32
36 17 36
23 25 32
14 4 1
2 6 32
1 26 1
8 11 5
24 4 32
35 27 20
15 9 32
5 36 5
20 34 32
9 30 32
18 33 20
3 7 32
29 35 32
22 25 32
19 3 1
21 17 32
15 35 1
13 7 32
34 32 32
36 5 5
36 19 10
21 27 32
7 16 32
17 22 32
23 23
6 10 8
18 23 23
10 13 1
8 15 8
19 22 8
13 11 8
4 10 1
20 22 11
19 11 2
21 14 8
9 22 17
20 21 8
3 14 3
23 9 17
8 9 8
19 14 8
15 11 15
16 20 8
14 7 8
17 14 17
2 7 1
19 21 12
6 9 17
13 13
10 8 2
2 4 2
2 4 2
4 5 2
8 11 2
12 6 13
8 3 13
1 12 2
3 13 13
6 3 6
10 2 2
6 10 2
4 9 2
18 94
1 2 13
5 18 13
2 1 1
15 10 15
16 18 16
12 15 16
13 15 16
16 13 16
16 2 16
9 15 16
6 5 13
8 16 16
5 15 16
3 6 9
17 1 13
13 8 13
11 14 13
4 8 2
2 8 13
2 7 16
11 15 16
6 9 9
11 5 4
3 13 13
9 11 9
1 17 13
6 9 9
5 12 13
3 6 9
5 2 5
5 8 13
15 5 16
5 1 3
11 17 13
14 10 16
10 14 16
1 9 9
8 17 13
3 5 13
6 5 13
16 11 16
10 14 16
16 1 16
9 17 13
16 13 16
1 2 13
4 6 9
10 2 16
10 16 16
11 17 8
9 18 13
7 14 16
14 9 13
3 2 13
16 3 16
15 8 16
16 9 16
4 18 13
17 12 13
1 8 1
12 8 9
13 1 13
10 5 16
5 9 13
5 6 13
10 4 3
17 3 13
9 11 9
4 7 16
11 5 13
4 5 5
5 6 13
13 16 16
7 13 16
4 3 9
14 8 13
15 11 16
9 1 9
18 11 13
5 4 13
16 3 16
13 3 9
17 9 13
12 4 4
1 15 16
10 13 16
11 1 1
5 4 13
4 11 9
6 13 13
18 13 13
14 18 13
1 14 13
16 13 16
60 120
1 15 17
30 35 14
37 56 14
35 36 45
8 11 14
22 3 14
55 23 14
50 9 53
5 21 22
43 17 14
41 5 14
48 8 14
40 4 45
9 2 14
7 53 14
28 9 14
44 25 14
55 6 14
21 7 39
43 38 39
52 16 14
41 45 45
35 58 45
12 40 45
6 26 14
4 29 14
27 11 14
56 13 14
33 39 14
49 30 14
52 14 14
7 56 30
1 19 14
40 5 14
49 51 17
15 25 14
58 24 45
5 42 14
35 22 14
3 36 14
51 26 14
17 37 14
7 30 30
20 21 14
33 55 14
43 52 14
18 11 14
45 39 14
47 20 14
54 51 14
5 31 14
18 4 14
10 54 14
39 11 39
33 10 45
48 55 48
18 29 17
60 47 14
48 20 14
23 51 14
4 33 45
38 46 14
46 50 14
13 34 14
24 36 47
33 7 14
28 1 14
15 50 14
20 5 14
17 59 14
37 60 14
54 58 14
43 30 39
40 34 14
20 45 14
39 33 14
26 14 14
31 3 14
38 56 38
50 38 14
27 29 27
56 53 14
26 43 39
58 54 14
8 56 14
12 26 14
21 44 14
13 50 14
57 51 14
41 39 14
4 16 14
2 10 45
23 25 14
26 5 39
6 28 14
41 60 14
54 23 14
29 59 14
58 32 14
58 54 14
48 17 14
4 8 45
27 53 14
33 19 14
6 55 14
28 45 14
13 25 14
9 14 14
44 10 45
27 24 14
35 12 45
25 44 14
47 19 14
34 40 14
21 55 57
16 9 14
41 23 41
57 17 14
13 28 14
38 6 14
39 40
19 32 28
21 32 28
1 18 16
29 1 28
25 15 35
4 29 28
13 35 28
38 37 37
19 12 28
39 34 28
19 18 28
15 3 16
24 35 28
10 26 28
39 29 28
26 16 28
39 23 28
16 31 28
11 3 20
39 27 19
5 15 28
4 32 28
10 38 10
27 7 19
20 11 20
36 26 28
14 2 28
10 12 10
30 35 28
35 29 28
36 14 28
24 28 28
37 14 28
12 34 28
34 18 28
26 3 28
32 2 28
14 28 28
5 15 28
37 39 28
53 103
13 25 46
33 23 46
34 49 14
17 1 11
11 52 11
53 41 46
24 7 14
2 26 15
39 27 11
33 13 46
1 26 38
27 2 11
10 32 14
36 24 14
38 37 11
23 31 14
6 43 15
27 46 11
40 25 14
3 50 28
31 12 14
3 51 14
30 45 46
38 18 11
37 24 11
39 41 14
42 43 15
23 41 14
25 40 14
34 49 14
4 31 11
34 40 22
16 8 21
8 24 14
21 14 14
8 13 46
16 41 14
34 8 14
44 32 14
39 28 14
19 25 14
21 27 11
20 41 14
46 25 46
46 12 46
30 39 46
23 43 15
3 47 11
15 18 15
16 11 11
12 18 50
15 35 15
4 30 11
14 5 14
27 38 11
34 8 14
14 39 14
22 51 22
47 50 11
44 30 46
35 26 28
22 39 14
12 36 28
33 16 46
6 38 11
12 17 14
41 4 2
50 4 11
22 47 11
8 31 14
36 15 15
15 30 46
15 50 15
15 23 15
35 32 28
1 40 11
36 21 28
49 35 21
27 21 11
23 43 15
26 37 11
39 6 14
5 16 14
42 16 21
50 33 46
48 41 14
2 17 14
2 35 15
25 17 14
16 30 46
6 52 14
30 15 46
31 39 14
27 9 11
7 13 46
38 4 11
45 32 15
6 5 14
31 27 11
48 44 48
21 14 14
39 21 14
31 33 46
59 68
50 1 13
31 55 13
12 40 13
42 39 13
24 18 13
45 13 13
5 1 13
10 54 13
29 54 13
40 21 13
8 11 28
20 30 13
38 2 13
8 56 31
26 58 13
49 15 13
54 35 13
50 21 50
29 57 13
9 15 13
28 11 28
18 9 13
30 50 13
33 26 13
21 49 50
16 28 28
12 15 13
3 34 31
43 32 31
27 56 13
12 34 13
53 11 28
45 1 13
6 56 13
22 35 13
43 23 28
32 25 13
41 16 31
58 55 13
14 37 13
57 53 13
23 49 13
15 10 13
6 10 13
7 43 13
38 39 13
51 29 13
47 18 13
58 7 13
34 28 28
10 29 13
21 1 13
32 47 28
29 42 13
46 41 28
15 25 13
35 18 13
43 17 28
25 59 13
52 51 13
39 55 39
26 15 13
13 6 13
21 57 13
3 9 13
44 19 13
43 52 28
33 9 13
15 59
9 11 9
7 11 7
2 14 1
12 15 15
3 9 9
11 6 2
11 7 7
11 3 11
8 4 1
7 14 13
13 9 9
8 12 2
11 10 9
6 13 2
9 13 9
6 15 2
12 15 15
6 8 8
15 12 15
3 1 2
13 2 2
10 11 9
7 4 2
2 3 2
13 14 13
9 4 9
15 12 15
8 10 9
3 2 2
14 2 2
7 8 2
14 3 13
7 13 13
10 9 9
8 7 2
8 1 1
8 4 1
4 13 2
2 7 2
5 4 1
12 10 9
12 2 2
1 2 2
15 5 2
15 1 2
5 9 9
11 14 14
10 13 9
9 10 9
3 1 2
10 11 9
6 2 2
2 13 2
4 11 2
2 15 2
6 5 5
15 7 2
2 4 2
1 6 1
48 29
23 34 42
30 10 41
5 19 41
21 36 41
11 22 41
12 43 43
34 28 42
23 11 41
44 7 41
7 46 41
40 29 41
22 34 41
10 2 41
10 22 41
22 47 41
24 19 41
20 15 32
36 27 41
29 27 41
30 21 41
5 29 41
46 27 27
24 46 27
38 10 27
15 29 29
2 32 32
25 41 41
41 13 41
36 34 41
14 22
10 6 10
2 8 10
8 1 10
11 3 10
5 4 10
3 12 10
5 8 10
5 1 10
5 12 10
13 2 10
10 5 10
7 3 10
14 3 10
14 1 10
3 7 10
4 3 10
12 10 1
8 11 7
14 10 10
3 12 10
12 2 10
3 1 1
31 100
23 29 23
25 20 23
4 14 22
18 23 23
14 26 22
24 28 23
30 13 23
26 8 22
18 20 23
24 17 23
1 25 23
25 19 23
4 1 22
25 18 8
28 2 23
22 21 22
26 2 22
24 5 23
28 7 23
18 19 31
3 28 23
28 26 22
26 5 22
31 19 31
6 2 23
23 5 23
23 5 23
30 4 22
16 7 22
12 21 21
26 18 22
7 18 23
7 4 22
14 21 22
25 9 22
12 8 22
10 16 22
9 24 22
23 18 23
3 15 23
14 24 23
18 24 31
31 13 23
9 1 22
27 17 27
29 4 22
24 14 23
9 1 22
28 29 23
21 16 21
4 19 22
10 9 22
6 15 1
30 8 23
26 4 1
20 6 26
10 28 23
18 28 24
8 2 23
5 4 22
11 1 31
4 21 21
1 20 23
14 6 23
13 5 13
23 24 23
19 7 23
27 5 3
15 21 22
22 20 22
4 2 22
22 12 22
21 31 22
6 7 23
6 11 23
27 2 23
29 5 23
14 17 17
4 8 22
17 14 17
14 18 23
9 15 22
31 28 23
13 2 23
8 30 23
5 31 23
27 1 23
3 23 23
5 12 22
6 19 23
29 14 23
16 10 22
29 12 22
22 17 22
29 2 26
19 6 23
20 7 23
19 10 31
19 10 23
19 27 23
16 105
8 10 8
13 9 13
6 4 14
15 12 8
2 6 14
13 2 13
16 3 5
10 4 5
16 9 13
2 15 5
4 10 5
11 3 11
2 13 13
2 6 14
16 7 14
7 14 14
5 13 13
7 2 14
15 5 5
1 15 14
1 14 14
4 15 15
16 12 8
5 16 5
16 12 8
13 8 13
12 16 8
8 1 14
14 9 14
9 4 13
3 16 5
6 15 14
2 9 13
7 4 14
9 4 13
5 2 5
11 13 13
9 8 13
6 14 14
14 13 14
16 11 5
9 10 13
13 2 13
7 3 14
11 9 13
15 9 13
16 2 2
5 16 5
4 5 5
9 7 14
7 4 14
10 3 5
13 11 13
4 7 14
8 12 8
8 7 14
8 15 8
13 16 13
7 8 14
9 1 14
12 4 8
10 15 5
12 3 8
2 7 14
15 2 5
9 10 13
3 15 5
3 2 5
10 13 13
12 11 8
15 4 15
10 1 14
13 1 14
8 11 8
8 15 8
6 10 14
9 12 13
4 1 14
8 7 14
8 9 13
1 16 14
8 14 14
1 9 14
5 1 14
15 11 5
3 16 5
7 16 14
13 1 14
11 2 5
2 6 14
14 15 14
14 2 14
10 9 13
13 7 14
15 4 15
11 16 5
8 10 8
14 8 14
14 8 14
7 2 14
1 11 14
11 9 13
11 15 5
12 4 8
8 12 8
3 1
1 2 3
12 9
1 5 7
11 2 6
9 4 12
8 12 6
10 1 7
4 3 12
3 10 6
8 11 8
2 5 10
54 35
24 14 51
6 10 51
51 44 51
30 9 51
32 9 13
6 36 6
28 2 27
27 31 27
20 52 51
28 34 51
22 25 27
18 47 51
2 42 27
36 43 51
9 27 51
29 30 27
13 50 51
54 6 51
17 50 17
27 34 51
49 11 23
25 17 27
40 20 51
45 33 51
40 45 51
34 32 11
48 9 51
19 5 13
24 52 13
1 7 51
25 37 51
51 21 51
49 20 49
7 42 51
20 21 51
27 105
26 15 16
14 8 16
11 5 16
12 2 13
19 13 13
22 9 16
26 27 11
12 20 15
1 13 13
10 25 15
4 13 15
17 24 16
14 2 16
23 11 11
3 25 15
1 4 15
18 10 10
27 24 24
26 21 11
5 24 16
21 27 11
7 18 10
27 14 11
1 8 13
21 20 16
18 11 16
12 23 16
8 11 16
24 20 16
16 26 16
7 6 16
18 4 25
10 26 16
26 23 11
8 1 13
24 20 16
7 14 16
3 24 16
5 22 22
3 13 13
25 14 16
5 13 15
14 26 26
13 21 16
15 13 15
12 22 15
1 18 15
3 17 16
17 22 16
1 21 16
11 22 16
11 5 16
17 25 16
13 23 16
13 7 12
26 25 16
19 7 15
1 27 13
8 21 16
18 27 16
17 1 16
4 20 15
8 11 16
1 5 15
1 8 13
8 23 16
20 12 15
14 27 11
21 18 16
2 7 15
20 13 15
3 20 15
10 23 22
6 2 16
16 18 16
13 8 13
2 3 13
8 12 13
27 25 9
17 18 16
8 22 15
3 26 16
10 11 17
20 21 16
16 5 16
22 3 15
1 23 16
11 22 16
4 12 15
11 13 16
16 15 16
11 22 16
25 22 15
13 6 16
9 13 16
1 4 15
22 4 15
11 2 16
25 4 25
13 26 16
2 14 16
10 22 15
8 4 15
9 5 16
12 7 15
