160
26381 23227 25916
340826558 126964244 561990043 676006498 113881492 855400690
64915495 43791834 386310264 98518255 971359558 93301411
22693 14915 9300
551558739 326958986 52120428 743833741 419930336 764933954
361957833 614892515 939978128 210072827 161049665 697536757
1070 695 886
242444171 85712265 0 1 1319 248419246
80595529 282111729 901556972 197217684 563 303198635
20509 16811 9521
240071107 564807623 536134854 523111991 914 578522963
132569227 277378319 0 1 655 565240305
5712 3853 646
584714394 694363837 542755964 196089118 988112425 913051654
93489283 53825493 869804974 211049541 323388340 263439962
551 544 199
434084758 250497677 612673227 558354857 485776661 483405652
607449323 227744933 190390044 771967556 34680712 649888521
16828 8683 15011
137970487 801272045 438252483 618192151 12012191 832967218
560342706 565383925 71437095 970188394 623681395 735373817
13043 11479 3418
103283559 553425557 127031741 700616997 874575120 694304292
544293746 56367641 491454614 516271728 664949412 762073460
17571 9594 8991
4589410 19100509 584827526 85624605 241 19318578
884818713 751649279 1 1 3399 892260568
24377 11882 23383
15649388 596035645 1 1 956 606132594
32776118 193810050 770103335 874677682 505 329928904
19474 9169 17155
53414638 51869712 608305209 397343699 165067113 55251763
14423828 356643672 909001105 486818214 169213201 412429636
772775 734810 126440
287403847 358711844 971899538 663510657 750 726655149
124622267 468974619 1 0 4820 999761062
7547 4415 3142
443760928 141402256 102982263 497152221 990 663834775
150596433 185127499 0 0 2824 280547272
881 790 145
558761372 498063335 0 1 9358 614834411
28587852 12936014 0 1 22946 57812832
4589 4175 4589
236836534 355654179 1 1 163 902133926
238145552 338685845 295578406 443447747 50 735627764
794561 672917 173353
177644083 415444614 183357014 373922039 278170030 695552654
315328672 516892095 432257419 763120566 118423074 659986310
1999 1402 1868
5887709 2801893 905225924 547381403 470469787 6680806
5380403 57987279 522912438 486866939 638487010 85207704
18791 13190 16555
268404546 148905378 1 0 2488 273150982
584303711 523629352 745935059 303814894 785 685892971
6396 4489 4672
50293966 572759049 761000921 512642477 226980852 985559296
289698506 59932065 784847576 29242107 664736375 471910135
9986 0 9986
684437423 510865439 750228924 144487283 961472612 689696695
397235531 113698479 749229581 73663093 418466865 435914933
17621 17311 7554
55229513 18595020 634297919 231030381 324286655 388100180
195641912 213149706 673339274 388818496 399328826 380636896
26272 20729 9978
169521428 231362201 1 0 2524 900721990
32816624 189427 499366286 206053745 473 38477111
20677 18785 6739
335720091 451243576 1 1 4604 510738727
27770045 17012002 697795124 107873439 934 118045584
11226 8713 7177
117278793 18417334 0 1 1419 377428456
893361409 34469995 56313546 628485729 744 979470681
12138 10485 4891
419695508 558620731 819129810 619894163 865105376 905456524
207870575 317921385 993379226 201615254 838513243 562771488
22767 20422 9326
647475820 115991183 802187159 164160633 583 745868598
7797263 10121211 1 0 1439 15674560
15881 15083 13464
250411412 148380210 14675102 652090184 731799236 549875866
507264383 420484663 912704153 52319879 215320615 939120822
7945 5395 6034
78171443 83978539 806526830 70836497 254510745 409582613
933021239 720344655 882551627 273903698 398823864 939302631
26064 7804 24040
122530487 620301052 149098094 711070047 517131764 634088492
170901235 221478931 87392751 122897527 355682196 478658866
5187 2752 2001
340853585 456782905 1 0 356 655812685
78788361 242396454 874586989 675355272 521 703278057
22499 21262 4654
232280776 367986495 1 0 2958 483120515
295279673 378754611 597473584 477857629 675 778013836
13399 9075 5259
377470513 311224006 0 1 1466 439704225
65089717 150586043 19095143 38151838 415 569746608
784437 628691 684401
148193238 588813157 312409633 884765682 33106059 593553270
659218361 308858735 845206329 605953865 875916038 731695297
6498 1813 34
325983067 499166777 156803195 804098818 289004758 552907975
817602470 888585121 768403081 80567759 328814804 999412425
4 1 3
1 1 1 0 0 2
1 2 1 0 1 2
26273 25301 12498
313488196 115828389 1 1 1787 445084731
280505623 537329800 861920127 678293739 326 548015299
7158 4745 5479
19929015 3890581 121964621 176266249 1717111 26360033
15292375 1873808 830300241 669682365 942361614 19387167
5664 1389 4964
19399595 12567429 0 1 722 28360150
329243818 220196729 706032846 483300192 556 737852135
15279 14941 5987
87235415 78248070 1 1 2677 121647508
75956881 98004773 343206263 875322323 316 212713166
793013 567708 676571
833586602 67942369 296007508 818713880 941448407 880347119
281066941 478697334 649581301 145536287 855543507 666226818
21859 17082 12090
350920195 41707807 1 0 2647 855375093
70040381 6227478 924107540 486759301 217 180434610
26238 26133 6179
511637577 458326594 1 1 2394 639899507
163519748 372303857 87093392 497388288 486 432501990
13487 13487 0
825185211 400620124 1 1 3539 970235409
353532742 141462409 475260802 102529229 631 411431994
12788 9754 12664
484906412 490933949 250834311 873125292 227 544899943
109140963 117073173 1 0 2058 163340749
28368 16943 7247
313190427 494713172 996242228 480099153 606 511940429
15263796 327896798 0 1 4568 382895654
27566 20123 10070
456582551 686089627 924143498 601653917 172329219 839193005
518281986 72414484 30753563 942439954 430015555 548374190
6289 1397 5007
623686719 740241912 77942563 131828385 706 979284398
94340173 343277931 0 1 4902 659983365
29300 19555 17674
197757001 439625778 1 0 4285 671301106
143961568 212976036 794468823 317079838 454 641544249
1182 536 862
402065325 553647842 327962582 43182226 76745823 585592862
279741901 340293182 450304382 357997161 633189334 537816451
25109 20792 21922
173713590 269134372 772819007 737037279 99384215 774242438
217640434 242189472 293520173 309142501 65816052 263739057
3242 2005 1292
14089399 14748748 0 1 8346 25842230
160459101 56831098 0 1 18709 732449135
4769 4614 1256
49482398 440052067 0 0 538 921628600
169471632 102046283 818712811 881995500 502 279927790
1611 1566 588
524342792 474872391 114645690 752968119 81 676426190
346301646 341911690 1 0 3138 422765751
4384 4384 0
234938791 2805014 912456975 243052173 432 325071158
55573 124177629 1 0 3094 217766154
1400 323 1309
156321904 682801483 836400840 205710175 970589881 751689644
55141548 39521372 775062611 379938616 394004827 79670579
24469 20771 16266
289238490 161795543 251189606 495044920 584873211 703526134
52302286 78432284 599139315 284673655 583756455 133002699
28470 11063 23274
598838176 619390291 113901218 722559730 511055795 651853453
238081088 32130999 322701370 337524153 330985639 285366377
20189 9130 18353
515976717 371637645 488927460 254225329 982 603976067
19341459 36121869 1 1 2692 193319718
10000 6011 4543
434894347 263348046 2565 3970 1267 622277910
524251054 294718567 0 1 3718 689139248
23923 18755 20852
497497779 186667474 1 0 1087 902129505
308727511 464737049 228714272 568149348 92 730723363
6915 5131 4717
301056667 240219846 912395950 341697002 99335575 651261608
18626507 290532362 753292948 240358070 950750013 321794156
16336 11456 13086
682592227 152810050 1 1 3170 693579074
122094014 336863273 253929216 260169768 176 474002165
28122 27921 8312
31595334 481760018 731305852 825103707 905652761 809745268
89955809 260315071 179363389 719782017 85010646 678403175
16818 12198 6032
228269232 358436828 149363892 685814916 913892390 530345727
760284837 873472443 769440262 518109885 953428904 951898546
12244 8454 11757
261833381 172486731 0 0 4817 670604371
84499816 178669125 299628507 312080445 541 463729204
3259 1491 2681
58786660 7560140 1 0 7535 78705796
331274607 348018546 1 0 38927 743930649
7327 4367 5844
211546369 209374617 635152359 400134203 576 593533226
265616285 2260835 0 1 3067 331931151
4768 4239 2213
244280235 137046556 705950450 881752525 825344078 263949225
123798180 157148597 59679290 140261726 41240118 585765942
14984 0 14984
124014986 728285546 1 1 2750 798328755
405363771 386312166 357065994 361800394 831 452810797
13745 9650 7411
59650074 117005489 0 1 528 143443288
7528512 4019506 520358898 971041233 509 8589432
4288 4013 466
327655832 402437576 773645902 585294874 325291628 570808087
110830339 143098621 779476051 832790372 890832099 880189704
3877 3808 694
399910961 40448344 0 0 2352 436617940
143863788 192475743 882077840 851583102 675 201477223
753338 753338 0
4115141 5125285 1 1 530 7153005
720896454 752945696 98160895 951181407 286 772735769
17310 14433 4656
243344022 143334312 65792426 614359729 517766300 319295791
167488594 103886017 3415583 518330265 451805946 579296868
18133 12591 11140
1086855 35714685 1 1 2195 47915923
46852011 76860595 725648956 920362598 848 450764079
14494 9401 10307
50639069 22105969 0 1 4142 140223184
104893166 447312973 356470258 335251160 310 618239357
25562 19769 24587
5502015 14985109 1 1 508 15191857
452594476 299146486 186341448 407821464 3 686165757
10 7 5
15 19 34 41 32 44
34 3 25 2 17 38
25133 10230 19429
427251030 200262805 547900345 609247686 363713189 879016204
323002528 276185010 523571515 707876158 412065287 335117186
2 0 1
6 3 0 0 0 10
2 4 0 0 0 10
28792 24801 19822
386847988 1170628 726748609 631581874 634 445662505
37477488 18824092 0 1 1042 42304417
2891 2185 2862
11454233 131082240 9728023 585492694 928 161916211
99754117 127288113 1 0 4627 412228107
14319 9982 7252
682004048 461708818 682518291 536581150 581 814107979
74423416 82666044 1 1 1740 154573401
4851 1250 3776
214736055 189465383 956555782 751352201 283 283600154
161350303 41712875 0 1 3561 236532131
21127 19833 1660
169367760 97798290 657491028 300306833 257912932 240812945
61376824 25629671 711511490 248064424 199665323 191474289
25126 12466 21055
114443439 33375463 0 1 786 157282015
294326664 289592504 507694280 614386103 34 571255360
22775 20087 13860
406274695 752301720 0 1 3252 825597692
266340839 87667485 778683990 268682132 624 589788349
25402 5747 20690
170541786 332927893 529424714 774671539 439840518 474647083
694711524 368185762 47630320 910279816 55943295 835151114
8107 4094 6305
212860025 198166536 102636585 881071862 444 390006769
310135475 63745795 0 0 1730 373466658
19109 7701 18542
394151362 60446181 1 0 4889 465996880
40483037 207467675 828560278 189693254 671 217304309
20309 5946 17472
319514921 184617256 0 1 1848 459119686
44245991 63257210 256846241 564377764 330 70212535
8864 5745 7125
1101009 212960134 1 1 1191 730787206
333218216 300981438 311587282 127835086 509 352242338
800000 545761 442924
6946039 8064687 377282474 864076631 573 23253900
510568753 318337515 1 1 892 828001045
4186 2823 2241
51682992 23900720 178509506 625727988 390600205 366132628
154519609 131343964 375904032 986806973 952301914 273109618
6318 5362 2391
703082968 113852502 0 1 373 826135823
213511099 251344744 181552599 297312046 906 262932722
7743 5725 6386
191332386 249971354 879849574 76957111 160509642 594231008
177191314 302467733 512374839 287802369 652430447 365152111
12766 12300 6823
66651785 102074544 428577740 376921083 367792499 154780877
182609690 180715975 960152805 488148866 519107708 195139746
2296 1188 1687
470107836 37189846 559662273 444962224 606215717 604369986
88018080 282224272 409509740 352246432 932110155 631465018
16853 7294 13021
30303928 574502896 883981891 570464845 822506593 623351271
706157437 476862827 930515937 496976862 114756678 768997688
5569 4228 2218
376253644 248984771 347725294 854311967 820651224 753129679
161831061 414801446 501249346 624766174 945383123 564216970
2801 2620 272
429638428 25903242 88509300 995271042 989306048 642434551
130454795 202372477 586234910 364798304 238739540 413935958
5740 4668 4315
42403641 34405823 658549475 177813943 257587841 705585200
351206488 127548972 512143735 562738894 572250303 364159630
20143 11862 9472
18180450 3610074 776116405 364884350 79 31148196
113427469 15964647 0 1 541 153997497
29812 22927 23576
575703330 451140986 908499491 795185014 996 770764258
327130493 312836423 0 0 299 951050241
4609 4319 3017
69409686 88667510 370706089 104581484 367750193 274951956
434030145 282938092 385296489 932571461 733097879 572941314
3619 0 3619
542766543 527029033 1 1 4657 863188583
77465623 56547806 868279084 892756967 119 94128603
23544 17202 22122
374570455 334090098 140988590 45091126 453989550 405629330
290498663 50145773 783373266 46713305 813199410 355272171
18176 15714 3331
73224946 189473418 67264173 43528104 728821067 194850359
61715415 236763859 100759949 510432212 257837203 611542223
800000 799999 799999
1000000000 1000000000 1000000000 1000000000 999999999 1000000000
1000000000 999999999 0 1 999999998 1000000000
16126 9245 11636
381140984 41466035 1 0 3552 388938675
154766200 173574776 762846271 609593682 749 350684811
26755 18889 23851
550525133 290335800 43923254 894959948 964595689 665952480
549443631 536606772 600700235 227926216 398299936 585259247
28205 27599 18169
55248032 66316334 34821654 842015831 289318136 121888032
249968928 311497707 562978124 144848858 419957564 598845008
868 218 680
96223080 12766728 783678726 986569561 886 331723958
7438679 277733984 1 1 744 671624919
2 2 1
6 3 0 0 0 10
2 4 0 0 0 10
16932 15371 13559
951856941 498469435 308496804 650883832 334527597 981280620
16824994 27503730 259377337 657958190 926016630 232526214
5362 896 4852
133280095 551684791 1 0 1128 918411859
21085534 2781058 736682131 267504252 717 51814713
21123 13082 14978
356063198 480609301 118210924 812079953 508546818 643628390
171717964 73580264 355027554 899746263 147035873 780958817
9652 6894 5420
245605487 24389875 1 1 2053 327978155
600276201 729577661 416350828 275288413 641 901517703
19523 5487 12834
109143775 275981262 276672279 443772654 611 302473841
62916550 55743488 1 1 3089 509691372
22859 19227 7681
32437404 33813304 546636192 206479503 168777781 59143455
13677695 114552116 613744978 412787344 682183280 126621106
2649 1921 1643
530447880 398278492 66734392 693527434 74 669541233
241019271 248166445 1 1 4347 278787501
15827 6034 15663
3864959 5600513 319048312 342383289 517 22917793
309474882 370209194 0 1 2986 978863300
1018 468 608
303767576 579756015 1 0 3712 669790885
252717388 91193421 683012497 878023112 17 268835359
19814 15047 14407
85390057 114681817 568315103 423733478 722941006 789936673
907964918 154992355 821267034 734397462 621807505 952225322
18678 15592 4620
357730156 312558021 9800195 878064873 556997036 478809931
621829956 793445853 666230747 458759799 776455386 911336154
9390 2495 6958
5433453 129224542 612003996 502491479 117294251 141559100
163320446 129893467 640835630 509797954 223409305 227590988
8029 7802 4270
702002368 443949074 656219323 871014398 214 797395652
190337860 41028830 0 1 1064 511231073
12690 4458 10584
148734075 139555134 0 0 2139 438075366
6139527 127687500 128325607 427975660 846 133877357
7119 1872 5351
27169503 19033390 1 0 5799 32583754
22706377 105607405 1 0 9537 333793623
6938 5687 2403
591994617 595514623 587497724 313526569 843 864043007
310966217 256470216 0 1 1496 323320409
800000 273065 706848
155094575 120082035 1 0 1853 855965475
502487409 634690547 89327194 206404979 932 731642872
20400 13515 10073
33003940 100899614 1 1 2283 250238746
135074014 679151474 942271057 307455120 16 928031117
784669 733542 179192
521552676 64656103 532675069 491671523 551286366 627588496
158200960 477261546 375167162 734768281 289018795 648190941
774848 613876 707035
206790012 51762287 223906694 635017757 100 295087055
132780289 225716042 0 1 4442 236033554
13283 11616 10795
459293160 147731623 641771771 584331563 934 947637369
327835524 729776485 1 0 3434 753445507
12074 9892 2875
108971669 381775773 108280166 557494779 933 762693405
352621136 525357658 0 1 2860 561668995
796917 301858 586003
103333855 305581088 621862114 13761856 337405826 528982230
144082502 335283156 758526379 875102865 171899628 377135809
9352 5680 5476
9994962 7239221 175516164 269690633 477334193 10180508
204564877 271845053 260122253 762776148 504209552 358883693
3581 1319 2912
82409 224461 0 1 272 1047498
2009707 308887633 436357010 90655981 393 344297740
2 2 2
6 3 0 0 0 10
2 4 0 0 0 10
12164 11391 10522
66601164 94345716 664811817 98116680 654 584974208
195217854 28614195 1 0 2665 264911754
19581 8724 14389
69170429 62579088 166700156 782862125 20478160 329025175
19137641 20575050 514603532 389337011 888425537 89508152
14303 12005 4106
61480934 80131650 0 1 2490 96741501
679964112 844362284 897026866 705994887 448 951249430
27470 11622 16942
117702014 14414872 1 0 4791 167493319
219388630 306505323 922231910 443890757 12 319064823
800000 800000 800000
1000000000 1000000000 1000000000 1000000000 999999999 1000000000
1000000000 999999999 0 1 999999998 1000000000
8638 3402 6218
143654031 37770118 712258166 208615823 287 820132011
557563183 600051678 0 1 3884 727478353
19013 3559 17937
83232765 66487415 190898877 342862191 102691346 702929900
236505293 434975176 441087160 998147150 668573666 586096645
4864 0 4864
855586740 764974865 912478000 199911011 184026252 960337797
466116506 270947374 780145319 639346243 196186888 706666595
24667 16711 12512
40093954 8207481 623969041 104083970 655689758 67174684
447788755 306843248 92516469 775648407 593234405 489693592
17520 7671 13981
267366288 212375927 1 0 4585 511679017
269429552 63028460 554813308 535527816 913 687132079
14191 11123 5634
185653571 148087090 415308268 584086004 158089801 505965961
29915203 68647823 854795810 668250104 798117450 70830521
800000 799999 799999
1000000000 999999999 0 1 999999998 1000000000
1000000000 1000000000 1000000000 1000000000 999999999 1000000000
18535 5916 14199
298858143 254448218 489824640 465365692 460348880 383015363
430177519 14161938 328628895 427409724 817770775 879569226
2 1 1
1000000000 999999999 1000000000 1000000000 1000000000 1000000000
1000000000 1000000000 1000000000 1000000000 1000000000 1000000000
28800 12503 18715
162502622 17150296 1 1 265 313553829
41333820 64293856 113119979 614655799 519 66485483
10000 6011 4543
434894347 263348046 2565 3970 1267 622277910
524251054 294718567 0 1 3718 689139248
13268 5306 9010
862686 1132299 0 1 2179 1728480
182318731 150658604 695414890 469156233 682 208720401
346 214 193
12854596 23852969 1 1 1733 24651983
97059380 271007439 411556786 799356571 782 691142380
14547 13076 7607
71390505 129599744 688581942 556736639 305958273 178378361
138664288 92189056 91865398 202520546 82118548 200015240
2154 1660 1866
104436004 3389378 515801605 89329585 142 532443273
241875851 149270597 0 1 3421 307646259
